0 33 60 18 68 89 22 10 26 94 33 28 9 11 67 40 74 95 39 57 23 60 79 50 62 63 30 23 41 41 49 28 41 72 23 97 13 48 31 33 43 23 10 28 52 22 56 71 46 76
33 0 80 51 90 100 55 25 59 83 41 10 24 25 92 41 76 84 42 64 44 58 75 66 40 57 47 51 47 50 64 61 50 92 53 116 44 71 64 64 42 41 23 61 55 55 70 93 13 73
60 80 0 48 11 35 57 60 47 77 40 70 64 69 20 45 41 78 42 31 38 45 56 16 79 53 34 38 38 34 19 59 33 13 41 37 64 12 51 38 46 40 64 49 38 52 15 14 88 51
18 51 48 0 54 81 11 25 8 98 36 44 27 29 51 44 72 99 42 55 20 62 80 42 74 67 27 12 42 40 42 16 40 60 7 84 16 36 14 15 47 23 28 11 52 6 49 56 63 76
68 90 11 54 0 38 61 69 51 86 51 80 73 77 12 55 50 86 53 41 47 55 65 26 90 64 43 44 48 44 30 62 43 8 47 30 69 19 54 41 56 49 72 52 49 57 25 4 98 61
89 100 35 81 38 0 91 86 81 61 60 90 91 97 49 59 30 61 58 37 66 46 43 39 84 52 59 69 53 51 40 93 51 30 74 29 95 46 86 72 58 66 90 83 46 86 33 38 104 40
22 55 57 11 61 91 0 31 10 109 46 50 31 31 57 55 82 110 52 66 30 72 91 53 82 77 38 22 53 51 53 6 51 68 17 92 13 45 11 20 57 33 32 10 63 5 59 64 68 87
10 25 60 25 69 86 31 0 34 86 27 19 5 11 69 33 68 87 32 52 22 53 72 48 52 55 27 26 35 36 46 37 36 72 28 97 22 49 39 38 35 20 4 36 46 30 54 72 37 69
26 59 47 8 51 81 10 34 0 104 42 52 35 36 46 51 75 104 48 58 26 67 85 44 81 72 32 16 48 45 45 12 45 58 10 81 21 36 7 10 53 29 35 3 57 6 50 54 71 81
94 83 77 98 86 61 109 86 104 0 63 76 90 96 98 55 36 1 57 48 79 37 22 66 47 32 72 88 56 58 64 114 59 81 94 90 106 80 110 99 52 76 89 107 47 105 63 89 79 26
33 41 40 36 51 60 46 27 42 63 0 31 32 38 56 9 41 64 6 25 16 27 46 25 43 31 11 26 8 9 23 51 9 52 32 75 44 33 48 40 12 13 31 45 19 42 30 54 47 42
28 10 70 44 80 90 50 19 52 76 31 0 20 23 83 31 66 77 32 53 35 49 66 56 36 48 37 43 37 39 53 56 40 82 45 105 41 61 58 56 33 32 19 55 45 49 60 83 19 64
9 24 64 27 73 91 31 5 35 90 32 20 0 6 73 38 73 91 37 57 26 58 77 53 55 60 32 30 40 41 51 37 41 77 30 101 21 53 40 41 40 25 1 37 51 31 58 76 37 73
11 25 69 29 77 97 31 11 36 96 38 23 6 0 77 44 79 97 43 63 32 64 83 58 59 65 38 34 46 47 57 36 47 82 33 106 19 58 40 43 46 31 7 38 57 31 64 81 38 79
67 92 20 51 12 49 57 69 46 98 56 83 73 77 0 62 61 98 59 51 48 65 76 34 97 73 47 43 55 51 37 56 50 20 44 37 66 23 48 36 63 51 73 47 57 52 35 11 102 72
40 41 45 44 55 59 55 33 51 55 9 31 38 44 62 0 36 55 3 22 25 20 39 29 36 23 20 35 7 11 26 60 12 56 41 77 51 39 57 48 3 22 36 54 14 51 32 59 45 36
74 76 41 72 50 30 82 68 75 36 41 66 73 79 61 36 0 36 36 17 53 18 15 33 55 23 45 60 33 33 31 87 33 45 66 57 83 46 81 69 34 51 72 78 22 78 28 53 77 11
95 84 78 99 86 61 110 87 104 1 64 77 91 97 98 55 36 0 57 49 79 38 22 67 48 33 72 89 57 59 64 115 60 81 94 90 107 81 111 100 52 76 90 107 47 105 64 89 80 26
39 42 42 42 53 58 52 32 48 57 6 32 37 43 59 3 36 57 0 22 22 21 40 27 38 25 17 33 5 9 24 58 9 53 38 75 50 36 55 46 5 19 36 51 14 48 30 56 47 37
57 64 31 55 41 37 66 52 58 48 25 53 57 63 51 22 17 49 22 0 36 14 27 18 51 22 28 43 17 16 16 70 16 39 49 57 66 32 65 52 21 34 56 61 9 61 16 45 67 23
23 44 38 20 47 66 30 22 26 79 16 35 26 32 48 25 53 79 22 36 0 42 61 27 57 47 8 10 23 21 26 35 20 51 16 75 30 27 32 24 28 4 26 29 33 26 33 50 54 57
60 58 45 62 55 46 72 53 67 37 27 49 58 64 65 20 18 38 21 14 42 0 19 31 38 8 35 51 19 21 28 77 22 53 57 70 70 45 73 62 17 39 56 70 9 68 30 59 59 16
79 75 56 80 65 43 91 72 85 22 46 66 77 83 76 39 15 22 40 27 61 19 0 45 47 18 53 69 38 40 43 96 40 60 75 71 90 59 91 80 36 58 75 88 28 87 42 67 74 4
50 66 16 42 26 39 53 48 44 66 25 56 53 58 34 29 33 67 27 18 27 31 45 0 64 39 21 31 22 18 3 56 17 27 36 50 56 14 50 37 30 28 52 47 23 48 6 30 73 41
62 40 79 74 90 84 82 52 81 47 43 36 55 59 97 36 55 48 38 51 57 38 47 64 0 32 54 68 42 46 60 88 47 89 72 108 75 75 88 81 34 53 54 84 42 80 65 93 32 47
63 57 53 67 64 52 77 55 72 32 31 48 60 65 73 23 23 33 25 22 47 8 18 39 32 0 40 57 24 27 36 82 28 61 62 77 74 53 79 68 20 44 58 75 16 73 38 67 56 16
30 47 34 27 43 59 38 27 32 72 11 37 32 38 47 20 45 72 17 28 8 35 53 21 54 40 0 16 16 13 19 42 13 46 22 70 38 24 39 29 22 7 31 35 25 33 26 47 55 49
23 51 38 12 44 69 22 26 16 88 26 43 30 34 43 35 60 89 33 43 10 51 69 31 68 57 16 0 32 30 31 26 29 50 6 74 26 26 22 14 38 14 30 19 42 17 37 47 62 65
41 47 38 42 48 53 53 35 48 56 8 37 40 46 55 7 33 57 5 17 23 19 38 22 42 24 16 32 0 4 19 58 5 49 38 70 51 33 54 44 8 20 39 51 11 49 25 52 52 34
41 50 34 40 44 51 51 36 45 58 9 39 41 47 51 11 33 59 9 16 21 21 40 18 46 27 13 30 4 0 15 56 1 45 35 67 51 28 52 41 12 19 40 48 12 47 21 48 55 36
49 64 19 42 30 40 53 46 45 64 23 53 51 57 37 26 31 64 24 16 26 28 43 3 60 36 19 31 19 15 0 56 14 30 36 52 56 16 50 38 27 26 50 47 20 48 7 33 70 39
28 61 59 16 62 93 6 37 12 114 51 56 37 36 56 60 87 115 58 70 35 77 96 56 88 82 42 26 58 56 56 0 55 69 21 92 18 47 8 21 63 38 38 10 68 9 62 64 74 92
41 50 33 40 43 51 51 36 45 59 9 40 41 47 50 12 33 60 9 16 20 22 40 17 47 28 13 29 5 1 14 55 0 44 35 66 50 27 51 40 13 18 40 48 13 46 21 47 56 36
72 92 13 60 8 30 68 72 58 81 52 82 77 82 20 56 45 81 53 39 51 53 60 27 89 61 46 50 49 45 30 69 44 0 53 24 75 24 61 48 56 52 76 59 47 63 24 9 100 56
23 53 41 7 47 74 17 28 10 94 32 45 30 33 44 41 66 94 38 49 16 57 75 36 72 62 22 6 38 35 36 21 35 53 0 77 23 29 17 11 43 19 31 13 47 12 42 50 65 71
97 116 37 84 30 29 92 97 81 90 75 105 101 106 37 77 57 90 75 57 75 70 71 50 108 77 70 74 70 67 52 92 66 24 77 0 99 48 84 71 77 76 101 82 66 87 45 28 122 68
13 44 64 16 69 95 13 22 21 106 44 41 21 19 66 51 83 107 50 66 30 70 90 56 75 74 38 26 51 51 56 18 50 75 23 99 0 51 23 30 54 32 22 22 62 15 62 72 57 86
48 71 12 36 19 46 45 49 36 80 33 61 53 58 23 39 46 81 36 32 27 45 59 14 75 53 24 26 33 28 16 47 27 24 29 48 51 0 40 26 41 30 53 37 36 40 18 23 79 55
31 64 51 14 54 86 11 39 7 110 48 58 40 40 48 57 81 111 55 65 32 73 91 50 88 79 39 22 54 52 50 8 51 61 17 84 23 40 0 14 60 36 41 4 64 9 55 56 77 87
33 64 38 15 41 72 20 38 10 99 40 56 41 43 36 48 69 100 46 52 24 62 80 37 81 68 29 14 44 41 38 21 40 48 11 71 30 26 14 0 51 28 41 11 53 16 42 43 75 75
43 42 46 47 56 58 57 35 53 52 12 33 40 46 63 3 34 52 5 21 28 17 36 30 34 20 22 38 8 12 27 63 13 56 43 77 54 41 60 51 0 24 39 56 13 54 32 60 46 33
23 41 40 23 49 66 33 20 29 76 13 32 25 31 51 22 51 76 19 34 4 39 58 28 53 44 7 14 20 19 26 38 18 52 19 76 32 30 36 28 24 0 24 32 31 29 34 52 51 54
10 23 64 28 72 90 32 4 35 89 31 19 1 7 73 36 72 90 36 56 26 56 75 52 54 58 31 30 39 40 50 38 40 76 31 101 22 53 41 41 39 24 0 38 50 31 58 76 36 72
28 61 49 11 52 83 10 36 3 107 45 55 37 38 47 54 78 107 51 61 29 70 88 47 84 75 35 19 51 48 47 10 48 59 13 82 22 37 4 11 56 32 38 0 60 7 52 54 74 83
52 55 38 52 49 46 63 46 57 47 19 45 51 57 57 14 22 47 14 9 33 9 28 23 42 16 25 42 11 12 20 68 13 47 47 66 62 36 64 53 13 31 50 60 0 59 23 52 58 24
22 55 52 6 57 86 5 30 6 105 42 49 31 31 52 51 78 105 48 61 26 68 87 48 80 73 33 17 49 47 48 9 46 63 12 87 15 40 9 16 54 29 31 7 59 0 54 59 67 82
56 70 15 49 25 33 59 54 50 63 30 60 58 64 35 32 28 64 30 16 33 30 42 6 65 38 26 37 25 21 7 62 21 24 42 45 62 18 55 42 32 34 58 52 23 54 0 29 77 37
71 93 14 56 4 38 64 72 54 89 54 83 76 81 11 59 53 89 56 45 50 59 67 30 93 67 47 47 52 48 33 64 47 9 50 28 72 23 56 43 60 52 76 54 52 59 29 0 102 63
46 13 88 63 98 104 68 37 71 79 47 19 37 38 102 45 77 80 47 67 54 59 74 73 32 56 55 62 52 55 70 74 56 100 65 122 57 79 77 75 46 51 36 74 58 67 77 102 0 73
76 73 51 76 61 40 87 69 81 26 42 64 73 79 72 36 11 26 37 23 57 16 4 41 47 16 49 65 34 36 39 92 36 56 71 68 86 55 87 75 33 54 72 83 24 82 37 63 73 0
