0 116 113 48 74 46 82 71 96 58 70 103 58 57 62 46 94 22 20 84 68 14 9 21 71 116 88 100 64 87 1 98 56 30 82 95 95 107 81 100 112 108 100 60 93 39 93 58 101 98 67 93 75 127 92 75 40 47 124 68 97 59 44 62 16 57 27 70 100 117 68 77 102 86 90 77 104 26 28 71 98 110 77 68 92 83 32 63 91 4 41 68 109 68 59 22 41 91 31 87
116 0 13 81 84 82 38 47 57 61 58 61 83 60 65 83 41 97 102 59 50 104 107 96 66 37 36 17 52 70 116 22 61 87 49 35 29 14 35 23 25 19 31 57 24 83 39 86 33 28 57 33 72 17 76 60 88 75 25 50 26 61 73 82 102 61 89 67 26 7 84 91 59 39 32 55 36 91 89 73 19 20 76 96 34 41 88 95 96 112 77 86 32 50 57 96 75 26 85 43
113 13 0 74 74 76 41 42 66 56 50 48 74 56 57 77 49 96 98 66 51 101 105 93 57 25 28 17 50 59 113 15 58 83 54 42 36 7 34 14 12 29 20 55 24 83 28 78 42 18 60 24 78 13 64 65 81 69 15 45 32 61 71 73 98 60 86 58 35 6 74 80 47 44 25 60 23 88 86 63 19 8 66 86 40 45 83 86 85 109 76 76 20 49 54 92 73 28 83 49
48 81 74 0 29 2 58 34 86 21 24 55 12 25 17 3 76 42 29 76 47 41 43 31 22 71 46 64 36 38 48 59 28 23 67 72 69 68 49 60 70 79 57 34 59 44 49 14 78 56 54 51 75 87 44 66 9 10 82 33 69 44 29 16 33 39 30 22 74 79 23 34 53 65 49 65 59 35 27 23 63 69 29 29 68 61 18 25 48 45 37 23 64 43 32 27 27 59 29 68
74 84 74 29 0 30 74 47 106 40 30 37 17 45 30 30 92 71 54 97 67 69 70 59 20 61 49 71 55 18 73 63 50 52 86 87 83 70 61 61 66 89 54 55 68 72 46 16 92 56 76 51 99 85 20 88 35 37 77 48 81 67 56 13 59 62 59 19 87 80 6 7 36 81 53 86 53 63 56 13 70 67 8 13 83 78 46 15 20 71 65 6 58 62 52 55 55 70 58 86
46 82 76 2 30 0 59 36 86 22 26 57 13 25 18 1 76 40 27 76 47 39 41 29 25 73 48 66 37 41 45 61 28 21 67 73 70 70 50 62 72 80 59 34 61 43 51 16 79 58 54 52 74 89 47 66 6 10 84 34 70 44 28 17 30 38 29 24 75 80 25 36 55 65 51 65 61 33 25 25 64 71 31 30 69 61 16 26 50 43 36 25 66 43 32 25 26 60 28 68
82 38 41 58 74 59 0 27 33 37 45 68 65 33 46 60 18 61 72 28 14 69 73 63 54 59 34 25 22 67 82 31 31 55 15 14 13 35 14 35 48 26 42 25 18 46 43 69 20 38 19 36 37 53 75 24 62 49 56 26 14 24 40 66 70 26 55 55 18 42 71 81 66 7 31 19 49 56 56 62 23 43 68 82 10 4 58 79 92 78 41 73 50 16 27 64 42 14 52 12
71 47 42 34 47 36 27 0 59 14 17 46 39 14 19 36 46 55 56 52 22 60 63 51 27 48 17 30 13 41 71 27 17 41 40 41 37 36 15 29 41 45 30 16 25 45 25 43 46 27 34 22 57 56 49 45 41 28 53 4 36 28 30 40 56 24 45 27 41 46 44 54 44 35 18 42 35 47 44 34 29 39 41 55 36 31 41 53 65 67 37 46 39 17 15 50 32 25 41 39
96 57 66 86 106 86 33 59 0 66 77 101 95 62 76 87 17 74 92 12 39 83 87 81 86 88 66 51 51 100 96 60 58 76 19 24 30 61 47 64 75 38 72 52 47 57 74 98 24 68 32 68 24 74 108 22 88 76 81 58 34 43 61 97 88 48 73 87 31 63 102 113 98 26 63 21 80 72 76 93 50 70 100 113 27 28 81 109 124 92 57 104 80 44 55 83 64 43 70 21
58 61 56 21 40 22 37 14 66 0 16 51 28 5 11 23 55 43 42 57 27 47 50 38 23 59 30 45 16 41 57 41 10 28 47 51 48 50 28 43 54 58 42 15 39 37 36 32 57 40 36 35 58 70 48 48 26 14 66 12 48 27 20 30 42 22 32 23 53 60 36 47 49 44 32 46 46 35 31 29 43 52 36 46 47 40 27 43 60 54 29 38 51 22 12 36 21 38 29 48
70 58 50 24 30 26 45 17 77 16 0 35 24 20 9 27 63 58 52 69 38 60 63 51 9 47 23 43 27 25 69 36 26 41 57 58 53 45 32 36 45 60 32 29 40 53 24 28 63 32 49 27 72 63 33 61 33 23 57 19 52 42 36 24 54 36 46 10 57 56 27 37 33 52 26 58 35 50 44 17 42 45 23 39 53 49 38 37 47 66 45 29 40 33 26 48 36 41 44 56
103 61 48 55 37 57 68 46 101 51 35 0 47 55 43 57 85 93 84 96 68 95 97 84 32 28 35 53 59 18 102 43 60 75 83 78 72 48 54 40 37 72 31 62 55 88 26 49 81 35 79 33 102 55 19 90 63 57 45 50 69 74 71 44 87 70 81 33 74 55 40 40 2 75 38 86 25 85 79 33 54 41 30 49 74 73 72 51 39 100 80 42 29 63 59 81 71 58 79 80
58 83 74 12 17 13 65 39 95 28 24 47 0 33 19 13 83 54 38 85 55 52 53 42 18 67 47 67 44 30 57 61 37 35 75 79 75 69 54 60 68 83 55 43 63 56 47 4 84 56 64 50 85 86 34 76 18 21 80 39 74 54 40 4 42 48 42 17 80 80 11 22 46 72 50 74 56 46 39 14 66 68 19 18 74 68 29 15 37 55 49 12 62 51 40 38 39 64 41 76
57 60 56 25 45 25 33 14 62 5 20 55 33 0 16 26 51 41 42 52 22 45 49 37 28 61 31 43 11 45 57 41 5 27 42 48 45 49 26 43 55 56 43 10 37 33 38 37 53 41 31 36 53 70 53 43 29 16 67 11 45 22 17 35 42 17 31 28 50 60 41 52 53 40 33 42 48 33 30 34 42 53 41 51 43 36 28 48 65 53 25 43 52 18 7 36 18 36 27 43
62 65 57 17 30 18 46 19 76 11 9 43 19 16 0 19 64 50 43 67 37 52 55 42 12 55 30 48 26 30 61 43 21 32 57 59 56 52 35 43 53 64 40 25 44 46 33 24 65 40 47 34 69 70 38 59 24 15 65 19 55 38 29 21 45 32 38 13 60 62 26 37 41 53 33 57 43 42 36 18 47 52 26 37 55 49 30 34 49 58 38 27 48 32 23 39 29 44 36 57
46 83 77 3 30 1 60 36 87 23 27 57 13 26 19 0 77 40 26 76 48 39 41 29 25 74 49 67 38 41 45 62 29 22 68 74 71 71 51 63 72 81 59 35 62 44 52 15 80 59 55 53 75 89 47 67 6 11 85 35 71 45 29 17 30 39 29 25 76 81 24 35 56 66 52 66 62 33 25 25 65 72 31 30 70 62 16 25 50 43 37 25 67 44 33 25 27 61 28 69
94 41 49 76 92 76 18 46 17 55 63 85 83 51 64 77 0 72 86 18 29 81 85 77 72 71 50 34 40 85 94 43 48 70 12 7 14 44 32 48 59 23 56 42 30 55 58 87 9 51 27 51 32 58 93 23 79 66 64 45 17 36 54 85 84 40 69 73 15 47 89 100 82 11 47 18 63 68 70 80 33 53 86 101 11 15 74 98 110 90 53 91 63 33 44 78 57 27 65 8
22 97 96 42 71 40 61 55 74 43 58 93 54 41 50 40 72 0 23 62 48 9 13 13 62 102 72 81 45 79 22 81 38 19 60 73 74 88 62 83 96 87 84 41 74 17 79 55 79 82 46 77 53 109 86 52 36 36 108 51 76 38 25 58 18 36 12 61 79 98 65 76 91 65 73 55 89 8 15 64 79 93 71 69 70 61 25 64 90 18 20 65 94 48 41 17 23 71 15 65
20 102 98 29 54 27 72 56 92 42 52 84 38 42 43 26 86 23 0 80 58 17 16 11 51 98 71 85 51 67 19 83 42 16 75 85 84 91 68 84 96 96 83 47 79 36 76 38 91 82 60 76 73 111 73 70 21 29 108 53 85 50 32 42 6 46 18 51 89 102 49 58 82 77 74 71 86 21 16 51 84 94 57 49 81 73 14 44 72 17 34 48 91 56 46 8 29 78 21 78
84 59 66 76 97 76 28 52 12 57 69 96 85 52 67 76 18 62 80 0 30 71 75 69 78 86 61 50 42 93 84 58 48 65 13 25 30 60 42 62 74 41 69 42 45 45 70 89 27 65 21 64 14 76 101 10 77 66 81 50 34 32 49 87 76 37 61 78 33 64 93 104 93 22 59 11 77 60 64 85 48 69 92 103 26 23 70 100 116 80 45 95 77 35 45 72 52 41 59 17
68 50 51 47 67 47 14 22 39 27 38 68 55 22 37 48 29 48 58 30 0 55 59 49 47 64 35 35 11 63 68 38 19 42 20 27 27 44 18 41 55 39 46 13 27 33 44 59 33 42 11 39 35 64 71 22 50 37 65 19 28 11 26 57 56 12 41 48 32 52 63 74 66 19 34 20 53 42 42 54 32 51 62 73 24 15 45 70 86 64 27 64 55 5 15 50 29 24 38 21
14 104 101 41 69 39 69 60 83 47 60 95 52 45 52 39 81 9 17 71 55 0 4 10 62 106 76 87 51 79 13 86 43 20 69 81 81 94 68 88 101 94 89 47 80 26 82 53 87 87 54 81 62 115 86 61 34 37 113 56 83 45 31 56 11 43 15 62 87 104 63 73 93 73 78 64 93 13 16 64 85 98 70 65 78 69 23 60 88 9 28 63 98 54 47 14 28 78 18 73
9 107 105 43 70 41 73 63 87 50 63 97 53 49 55 41 85 13 16 75 59 4 0 13 65 109 80 91 55 81 9 90 47 22 73 85 85 98 72 92 104 98 92 51 84 30 85 54 91 90 58 85 66 118 87 65 35 40 116 59 87 49 34 57 11 47 18 64 91 108 64 74 95 77 81 68 96 17 19 66 89 102 72 66 82 73 25 61 88 5 32 64 101 58 50 16 32 82 22 77
21 96 93 31 59 29 63 51 81 38 51 84 42 37 42 29 77 13 11 69 49 10 13 0 52 96 67 79 44 69 20 78 35 10 65 76 76 86 61 80 92 88 80 40 73 25 73 43 82 78 50 72 62 106 76 59 24 27 104 48 77 41 24 46 7 38 8 52 81 96 53 64 83 68 69 61 84 9 7 54 77 90 60 56 73 64 13 51 78 16 24 53 88 48 39 4 21 71 11 69
71 66 57 22 20 25 54 27 86 23 9 32 18 28 12 25 72 62 51 78 47 62 65 52 0 49 30 51 36 18 70 44 33 43 67 67 63 52 41 43 50 69 38 37 49 59 29 21 72 39 58 33 81 69 26 70 31 25 62 28 61 50 42 16 55 44 49 1 66 63 18 27 31 61 34 67 38 53 47 8 51 51 14 30 63 58 39 29 38 67 51 20 44 42 34 49 41 50 47 66
116 37 25 71 61 73 59 48 88 59 47 28 67 61 55 74 71 102 98 86 64 106 109 96 49 0 31 37 59 43 116 28 64 86 74 64 58 28 47 24 13 53 18 63 42 92 23 70 65 22 75 26 96 28 46 83 79 70 17 52 54 74 77 65 100 71 91 50 57 30 64 66 27 64 31 78 13 94 90 54 38 18 53 74 61 63 85 75 67 112 85 65 9 61 62 94 79 46 88 69
88 36 28 46 49 48 34 17 66 30 23 35 47 31 30 49 50 72 71 61 35 76 80 67 30 31 0 22 29 37 87 14 34 57 48 43 37 22 19 14 25 41 13 33 21 62 9 50 47 11 46 5 69 41 44 56 54 42 37 21 35 43 47 46 72 40 61 31 40 33 48 56 33 40 4 52 18 64 60 37 22 23 41 60 39 38 57 59 63 84 54 50 22 31 31 66 49 23 58 45
100 17 17 64 71 66 25 30 51 45 43 53 67 43 48 67 34 81 85 50 35 87 91 79 51 37 22 0 36 58 99 10 44 70 38 27 21 10 18 14 24 19 23 40 7 67 27 71 29 18 43 21 61 29 65 49 71 58 32 33 17 45 56 67 85 45 72 52 21 18 70 77 51 28 18 43 29 74 72 59 2 19 63 82 24 28 71 80 85 95 61 72 29 33 40 79 59 11 69 33
64 52 50 36 55 37 22 13 51 16 27 59 44 11 26 38 40 45 51 42 11 51 55 44 36 59 29 36 0 52 64 36 9 35 31 36 34 43 17 39 52 45 41 4 29 33 37 48 42 38 22 34 45 64 60 33 40 27 63 9 35 15 21 46 50 11 37 37 39 53 51 62 57 29 29 31 47 38 37 43 34 49 50 62 32 25 37 59 74 60 26 53 51 7 5 44 23 27 33 32
87 70 59 38 18 41 67 41 100 41 25 18 30 45 30 41 85 79 67 93 63 79 81 69 18 43 37 58 52 0 86 49 51 60 81 79 74 56 53 47 49 77 39 54 57 77 31 31 83 41 74 38 97 68 8 85 46 43 59 44 71 67 60 26 71 61 67 18 77 65 22 23 18 74 41 82 36 71 64 16 58 51 11 31 75 71 56 33 27 84 69 23 41 58 51 66 59 60 65 79
1 116 113 48 73 45 82 71 96 57 69 102 57 57 61 45 94 22 19 84 68 13 9 20 70 116 87 99 64 86 0 98 55 30 82 94 95 106 81 100 112 107 99 59 92 39 92 57 100 98 67 92 75 126 91 75 39 46 124 67 96 59 43 61 15 56 27 69 100 116 67 76 101 86 89 77 103 26 27 70 97 110 76 67 91 82 31 62 90 4 41 67 108 67 59 21 40 90 31 86
98 22 15 59 63 61 31 27 60 41 36 43 61 41 43 62 43 81 83 58 38 86 90 78 44 28 14 10 36 49 98 0 43 68 45 36 30 9 20 4 17 29 13 40 13 69 18 64 38 8 48 11 68 28 55 55 67 55 27 30 26 48 56 60 83 46 71 45 31 19 62 69 41 36 10 50 20 74 71 51 11 13 55 74 33 35 69 73 76 94 62 64 20 35 40 77 58 17 68 41
56 61 58 28 50 28 31 17 58 10 26 60 37 5 21 29 48 38 42 48 19 43 47 35 33 64 34 44 9 51 55 43 0 26 39 45 43 51 26 45 58 55 47 6 38 28 41 41 51 44 26 39 48 71 59 38 31 19 70 13 44 17 13 40 41 11 28 34 48 61 46 57 58 37 35 37 52 30 28 39 42 55 47 56 41 33 28 52 70 51 21 47 56 15 4 35 15 36 25 40
30 87 83 23 52 21 55 41 76 28 41 75 35 27 32 22 70 19 16 65 42 20 22 10 43 86 57 70 35 60 30 68 26 0 59 69 68 76 52 70 82 80 70 31 64 24 63 37 75 68 44 62 60 97 67 54 18 18 94 38 69 34 16 39 15 30 7 43 73 87 46 57 73 61 59 55 74 11 4 45 68 80 52 51 65 57 6 46 71 26 20 46 78 40 30 9 13 62 7 62
82 49 54 67 86 67 15 40 19 47 57 83 75 42 57 68 12 60 75 13 20 69 73 65 67 74 48 38 31 81 82 45 39 59 0 15 19 48 29 49 62 32 57 33 32 43 57 79 20 52 15 51 24 65 89 12 69 57 69 38 23 25 43 77 72 29 57 67 23 53 83 93 81 10 46 6 64 57 59 74 36 57 81 93 15 10 63 90 105 78 41 84 65 25 35 67 46 28 54 6
95 35 42 72 87 73 14 41 24 51 58 78 79 48 59 74 7 73 85 25 27 81 85 76 67 64 43 27 36 79 94 36 45 69 15 0 6 37 26 40 51 17 49 39 23 56 51 83 6 44 28 44 38 51 86 27 76 63 57 40 10 36 53 80 83 39 68 68 9 40 85 94 76 8 40 21 56 68 69 75 26 46 81 96 4 12 72 93 104 90 53 86 56 30 41 77 56 20 65 9
95 29 36 69 83 70 13 37 30 48 53 72 75 45 56 71 14 74 84 30 27 81 85 76 63 58 37 21 34 74 95 30 43 68 19 6 0 30 22 34 45 13 43 37 17 58 45 79 9 38 30 38 43 46 81 31 74 61 51 37 4 36 52 76 83 38 68 64 5 34 80 90 70 10 34 25 50 69 69 70 19 40 76 92 4 13 71 90 99 90 54 82 49 28 39 77 55 14 65 14
107 14 7 68 70 70 35 36 61 50 45 48 69 49 52 71 44 88 91 60 44 94 98 86 52 28 22 10 43 56 106 9 51 76 48 37 30 0 27 9 15 26 17 47 17 75 25 73 37 14 53 19 71 21 62 59 75 63 22 39 26 54 64 68 92 53 79 53 30 11 70 77 46 38 19 53 23 81 79 59 12 9 62 82 34 38 77 81 82 102 69 72 21 42 47 85 66 21 76 43
81 35 34 49 61 50 14 15 47 28 32 54 54 26 35 51 32 62 68 42 18 68 72 61 41 47 19 18 17 53 81 20 26 52 29 26 22 27 0 24 37 30 29 21 12 49 28 58 31 25 28 22 50 47 61 37 55 42 47 16 20 28 38 55 67 26 54 42 26 36 59 68 52 21 17 32 36 55 54 49 16 33 55 71 22 19 53 68 78 77 43 61 38 15 22 61 40 10 50 26
100 23 14 60 61 62 35 29 64 43 36 40 60 43 43 63 48 83 84 62 41 88 92 80 43 24 14 14 39 47 100 4 45 70 49 40 34 9 24 0 14 33 9 43 17 72 16 64 42 5 52 10 72 27 53 59 68 56 24 33 30 51 58 60 85 49 74 44 35 19 61 67 38 40 11 54 16 76 73 50 15 10 53 73 37 39 70 72 73 96 65 63 16 39 42 79 60 21 70 45
112 25 12 70 66 72 48 41 75 54 45 37 68 55 53 72 59 96 96 74 55 101 104 92 50 13 25 24 52 49 112 17 58 82 62 51 45 15 37 14 0 40 13 56 30 85 21 72 52 14 65 20 85 19 53 72 78 67 12 45 41 65 71 67 97 63 86 51 45 18 67 71 35 52 23 67 13 89 85 56 26 5 58 78 49 52 81 78 75 108 78 69 8 52 55 91 73 34 83 57
108 19 29 79 89 80 26 45 38 58 60 72 83 56 64 81 23 87 96 41 39 94 98 88 69 53 41 19 45 77 107 29 55 80 32 17 13 26 30 33 40 0 42 49 21 71 47 88 14 38 43 40 55 36 84 44 84 71 43 46 11 49 65 84 95 51 81 70 9 25 87 96 70 23 37 38 48 81 81 77 19 35 82 99 18 26 82 97 104 103 67 89 46 40 50 89 67 20 77 26
100 31 20 57 54 59 42 30 72 42 32 31 55 43 40 59 56 84 83 69 46 89 92 80 38 18 13 23 41 39 99 13 47 70 57 49 43 17 29 9 13 42 0 45 25 74 8 59 51 4 57 8 79 31 44 65 65 54 25 34 39 55 60 54 84 52 74 39 44 26 55 60 29 47 12 61 7 77 73 44 24 13 46 66 45 46 69 66 65 96 67 57 9 43 44 78 61 29 70 53
60 57 55 34 55 34 25 16 52 15 29 62 43 10 25 35 42 41 47 42 13 47 51 40 37 63 33 40 4 54 59 40 6 31 33 39 37 47 21 43 56 49 45 0 33 29 41 47 45 42 21 37 44 68 62 33 37 25 67 12 38 13 16 45 46 8 32 37 43 57 51 62 59 31 33 32 51 34 33 43 38 53 51 61 35 27 34 57 75 55 22 52 54 9 3 40 19 31 29 34
93 24 24 59 68 61 18 25 47 39 40 55 63 37 44 62 30 74 79 45 27 80 84 73 49 42 21 7 29 57 92 13 38 64 32 23 17 17 12 17 30 21 25 33 0 60 28 67 26 21 36 21 55 36 65 42 66 53 38 27 14 38 49 64 79 37 65 49 19 25 67 75 52 22 17 37 33 67 66 56 5 25 61 79 20 22 65 77 84 88 54 69 33 26 34 72 52 4 62 28
39 83 83 44 72 43 46 45 57 37 53 88 56 33 46 44 55 17 36 45 33 26 30 25 59 92 62 67 33 77 39 69 28 24 43 56 58 75 49 72 85 71 74 29 60 0 70 59 62 71 29 66 37 96 84 35 41 35 96 41 60 22 17 60 32 22 18 59 63 85 67 78 86 48 62 38 80 16 22 63 65 81 71 73 54 45 30 69 92 35 8 68 84 34 30 29 18 57 17 48
93 39 28 49 46 51 43 25 74 36 24 26 47 38 33 52 58 79 76 70 44 82 85 73 29 23 9 27 37 31 92 18 41 63 57 51 45 25 28 16 21 47 8 41 28 70 0 51 54 10 55 7 78 39 38 65 57 47 33 29 42 52 54 46 77 49 68 30 47 34 46 52 24 49 12 61 11 71 66 36 28 21 38 58 47 47 62 58 58 89 62 48 16 40 39 71 55 31 64 54
58 86 78 14 16 16 69 43 98 32 28 49 4 37 24 15 87 55 38 89 59 53 54 43 21 70 50 71 48 31 57 64 41 37 79 83 79 73 58 64 72 88 59 47 67 59 51 0 88 60 67 54 88 90 35 79 19 24 83 43 78 58 43 5 43 52 44 20 84 83 10 20 48 76 54 78 60 48 41 16 70 72 20 15 78 72 31 11 35 55 52 10 65 55 44 39 42 68 43 80
101 33 42 78 92 79 20 46 24 57 63 81 84 53 65 80 9 79 91 27 33 87 91 82 72 65 47 29 42 83 100 38 51 75 20 6 9 37 31 42 52 14 51 45 26 62 54 88 0 47 34 47 41 50 90 31 82 69 57 46 12 42 59 85 89 45 74 73 8 39 90 99 79 14 43 26 58 74 76 80 27 47 85 101 10 18 78 99 109 96 59 92 57 36 47 83 62 23 71 14
98 28 18 56 56 58 38 27 68 40 32 35 56 41 40 59 51 82 82 65 42 87 90 78 39 22 11 18 38 41 98 8 44 68 52 44 38 14 25 5 14 38 4 42 21 71 10 60 47 0 53 6 74 30 48 61 64 53 26 31 35 52 57 55 83 49 72 40 39 24 56 62 33 43 9 57 12 74 71 45 19 13 48 68 41 42 67 67 68 94 64 58 13 39 41 76 59 25 68 48
67 57 60 54 76 54 19 34 32 36 49 79 64 31 47 55 27 46 60 21 11 54 58 50 58 75 46 43 22 74 67 48 26 44 15 28 30 53 28 52 65 43 57 21 36 29 55 67 34 53 0 50 23 72 82 12 56 44 74 30 33 10 28 66 57 16 42 58 35 60 72 83 77 20 45 11 64 42 44 65 41 61 72 82 26 17 49 78 96 63 26 74 66 16 24 52 31 32 39 19
93 33 24 51 51 52 36 22 68 35 27 33 50 36 34 53 51 77 76 64 39 81 85 72 33 26 5 21 34 38 92 11 39 62 51 44 38 19 22 10 20 40 8 37 21 66 7 54 47 6 50 0 72 36 44 59 58 47 32 26 35 48 52 50 77 45 66 34 40 29 51 58 31 42 5 55 14 69 65 40 21 18 43 63 40 40 62 62 64 89 59 53 17 35 36 71 54 24 63 47
75 72 78 75 99 74 37 57 24 58 72 102 85 53 69 75 32 53 73 14 35 62 66 62 81 96 69 61 45 97 75 68 48 60 24 38 43 71 50 72 85 55 79 44 55 37 78 88 41 74 23 72 0 89 105 13 74 65 93 54 47 31 46 88 69 37 55 81 46 77 94 106 100 34 67 18 86 53 58 87 59 80 95 103 38 33 65 99 118 71 40 96 87 39 47 65 49 51 53 29
127 17 13 87 85 89 53 56 74 70 63 55 86 70 70 89 58 109 111 76 64 115 118 106 69 28 41 29 64 68 126 28 71 97 65 51 46 21 47 27 19 36 31 68 36 96 39 90 50 30 72 36 89 0 72 76 94 83 11 59 42 74 84 85 112 73 100 70 43 12 86 90 54 55 38 71 32 102 99 75 31 18 77 97 50 56 97 97 93 123 89 87 27 62 68 105 86 40 96 59
92 76 64 44 20 47 75 49 108 48 33 19 34 53 38 47 93 86 73 101 71 86 87 76 26 46 44 65 60 8 91 55 59 67 89 86 81 62 61 53 53 84 44 62 65 84 38 35 90 48 82 44 105 72 0 93 52 50 63 52 79 75 67 31 77 69 74 25 84 70 25 22 19 82 48 90 41 78 71 22 65 56 16 32 82 79 62 35 21 89 76 26 45 66 59 72 67 67 72 87
75 60 65 66 88 66 24 45 22 48 61 90 76 43 59 67 23 52 70 10 22 61 65 59 70 83 56 49 33 85 75 55 38 54 12 27 31 59 37 59 72 44 65 33 42 35 65 79 31 61 12 59 13 76 93 0 67 56 80 42 35 22 39 78 66 27 51 70 35 65 84 95 88 21 54 5 73 50 54 76 46 67 84 94 26 20 59 90 108 70 35 86 74 27 36 62 42 38 49 17
40 88 81 9 35 6 62 41 88 26 33 63 18 29 24 6 79 36 21 77 50 34 35 24 31 79 54 71 40 46 39 67 31 18 69 76 74 75 55 68 78 84 65 37 66 41 57 19 82 64 56 58 74 94 52 67 0 13 90 39 74 45 28 22 25 40 25 31 79 86 29 40 62 68 57 67 67 29 22 31 69 77 37 33 72 64 12 28 54 37 35 29 72 46 35 20 26 65 25 71
47 75 69 10 37 10 49 28 76 14 23 57 21 16 15 11 66 36 29 66 37 37 40 27 25 70 42 58 27 43 46 55 19 18 57 63 61 63 42 56 67 71 54 25 53 35 47 24 69 53 44 47 65 83 50 56 13 0 79 26 61 34 19 24 31 29 24 25 66 74 31 43 56 56 45 55 57 28 22 28 57 65 36 39 59 52 15 35 57 43 28 32 62 34 22 25 18 52 22 59
124 25 15 82 77 84 56 53 81 66 57 45 80 67 65 85 64 108 108 81 65 113 116 104 62 17 37 32 63 59 124 27 70 94 69 57 51 22 47 24 12 43 25 67 38 96 33 83 57 26 74 32 93 11 63 80 90 79 0 57 47 75 83 79 109 73 98 63 49 18 78 82 44 59 35 75 24 100 97 68 34 14 69 89 55 60 94 90 84 120 89 80 19 63 67 103 85 42 94 64
68 50 45 33 48 34 26 4 58 12 19 50 39 11 19 35 45 51 53 50 19 56 59 48 28 52 21 33 9 44 67 30 13 38 38 40 37 39 16 33 45 46 34 12 27 41 29 43 46 31 30 26 54 59 52 42 39 26 57 0 36 24 26 40 53 20 41 29 41 49 45 55 48 34 22 39 39 43 40 36 31 43 42 56 36 30 38 53 66 64 33 47 43 14 10 47 28 26 38 38
97 26 32 69 81 70 14 36 34 48 52 69 74 45 55 71 17 76 85 34 28 83 87 77 61 54 35 17 35 71 96 26 44 69 23 10 4 26 20 30 41 11 39 38 14 60 42 78 12 35 33 35 47 42 79 35 74 61 47 36 0 38 53 75 84 40 69 62 5 30 79 88 67 13 31 29 46 70 70 69 16 36 74 91 8 16 72 89 97 92 56 81 46 29 40 78 56 12 66 17
59 61 61 44 67 44 24 28 43 27 42 74 54 22 38 45 36 38 50 32 11 45 49 41 50 74 43 45 15 67 59 48 17 34 25 36 36 54 28 51 65 49 55 13 38 22 52 58 42 52 10 48 31 74 75 22 45 34 75 24 38 0 18 57 48 6 33 50 42 63 63 74 72 28 43 22 62 33 34 56 43 61 64 72 33 24 38 68 87 54 17 64 65 13 16 42 21 35 29 28
44 73 71 29 56 28 40 30 61 20 36 71 40 17 29 29 54 25 32 49 26 31 34 24 42 77 47 56 21 60 43 56 13 16 43 53 52 64 38 58 71 65 60 16 49 17 54 43 59 57 28 52 46 84 67 39 28 19 83 26 53 18 0 44 30 14 16 42 58 74 51 62 69 45 48 40 65 18 17 46 54 68 54 58 49 41 20 54 76 39 9 52 69 24 16 25 3 47 13 46
62 82 73 16 13 17 66 40 97 30 24 44 4 35 21 17 85 58 42 87 57 56 57 46 16 65 46 67 46 26 61 60 40 39 77 80 76 68 55 60 67 84 54 45 64 60 46 5 85 55 66 50 88 85 31 78 22 24 79 40 75 57 44 0 46 51 46 16 81 79 7 19 43 73 50 77 55 50 43 11 66 67 15 16 76 70 33 13 33 59 52 8 60 52 42 42 42 64 45 77
16 102 98 33 59 30 70 56 88 42 54 87 42 42 45 30 84 18 6 76 56 11 11 7 55 100 72 85 50 71 15 83 41 15 72 83 83 92 67 85 97 95 84 46 79 32 77 43 89 83 57 77 69 112 77 66 25 31 109 53 84 48 30 46 0 44 15 54 88 102 53 63 85 75 74 68 88 16 14 55 83 95 61 55 80 71 16 49 77 13 31 53 93 54 45 6 28 77 18 76
57 61 60 39 62 38 26 24 48 22 36 70 48 17 32 39 40 36 46 37 12 43 47 38 44 71 40 45 11 61 56 46 11 30 29 39 38 53 26 49 63 51 52 8 37 22 49 52 45 49 16 45 37 73 69 27 40 29 73 20 40 6 14 51 44 0 30 45 44 62 57 69 67 30 40 27 58 30 31 50 42 59 58 67 35 26 34 63 82 52 16 59 62 11 10 39 17 35 26 32
27 89 86 30 59 29 55 45 73 32 46 81 42 31 38 29 69 12 18 61 41 15 18 8 49 91 61 72 37 67 27 71 28 7 57 68 68 79 54 74 86 81 74 32 65 18 68 44 74 72 42 66 55 100 74 51 25 24 98 41 69 33 16 46 15 30 0 49 73 89 53 64 80 60 63 53 79 4 4 52 70 84 59 58 65 56 13 53 79 23 16 54 83 40 32 10 14 63 4 61
70 67 58 22 19 24 55 27 87 23 10 33 17 28 13 25 73 61 51 78 48 62 64 52 1 50 31 52 37 18 69 45 34 43 67 68 64 53 42 44 51 70 39 37 49 59 30 20 73 40 58 34 81 70 25 70 31 25 63 29 62 50 42 16 54 45 49 0 67 64 17 26 31 62 35 68 39 53 47 7 52 52 13 29 64 59 39 28 37 67 51 19 45 43 35 49 41 51 47 67
100 26 35 74 87 75 18 41 31 53 57 74 80 50 60 76 15 79 89 33 32 87 91 81 66 57 40 21 39 77 100 31 48 73 23 9 5 30 26 35 45 9 44 43 19 63 47 84 8 39 35 40 46 43 84 35 79 66 49 41 5 42 58 81 88 44 73 67 0 32 84 94 71 15 36 30 50 74 74 74 20 39 80 96 9 18 76 94 103 96 59 86 50 34 44 82 60 17 70 17
117 7 6 79 80 80 42 46 63 60 56 55 80 60 62 81 47 98 102 64 52 104 108 96 63 30 33 18 53 65 116 19 61 87 53 40 34 11 36 19 18 25 26 57 25 85 34 83 39 24 60 29 77 12 70 65 86 74 18 49 30 63 74 79 102 62 89 64 32 0 80 86 53 43 29 59 30 91 89 69 20 14 72 92 39 45 87 91 91 112 79 82 26 51 57 96 76 28 86 48
68 84 74 23 6 25 71 44 102 36 27 40 11 41 26 24 89 65 49 93 63 63 64 53 18 64 48 70 51 22 67 62 46 46 83 85 80 70 59 61 67 87 55 51 67 67 46 10 90 56 72 51 94 86 25 84 29 31 78 45 79 63 51 7 53 57 53 17 84 80 0 12 40 78 52 82 54 57 50 11 69 68 11 12 80 75 40 12 26 65 59 2 59 58 48 49 49 68 52 82
77 91 80 34 7 36 81 54 113 47 37 40 22 52 37 35 100 76 58 104 74 73 74 64 27 66 56 77 62 23 76 69 57 57 93 94 90 77 68 67 71 96 60 62 75 78 52 20 99 62 83 58 106 90 22 95 40 43 82 55 88 74 62 19 63 69 64 26 94 86 12 0 40 89 60 94 58 68 61 20 77 73 14 11 90 85 51 15 14 75 71 11 63 69 59 59 61 77 63 93
102 59 47 53 36 55 66 44 98 49 33 2 46 53 41 56 82 91 82 93 66 93 95 83 31 27 33 51 57 18 101 41 58 73 81 76 70 46 52 38 35 70 29 59 52 86 24 48 79 33 77 31 100 54 19 88 62 56 44 48 67 72 69 43 85 67 80 31 71 53 40 40 0 73 36 84 23 83 77 32 52 39 29 49 72 71 70 51 40 98 78 41 27 61 57 80 70 56 77 78
86 39 44 65 81 65 7 35 26 44 52 75 72 40 53 66 11 65 77 22 19 73 77 68 61 64 40 28 29 74 86 36 37 61 10 8 10 38 21 40 52 23 47 31 22 48 49 76 14 43 20 42 34 55 82 21 68 56 59 34 13 28 45 73 75 30 60 62 15 43 78 89 73 0 37 16 55 60 61 69 26 47 75 89 6 4 64 87 99 82 45 80 55 22 33 69 48 18 57 5
90 32 25 49 53 51 31 18 63 32 26 38 50 33 33 52 47 73 74 59 34 78 81 69 34 31 4 18 29 41 89 10 35 59 46 40 34 19 17 11 23 37 12 33 17 62 12 54 43 9 45 5 67 38 48 54 57 45 35 22 31 43 48 50 74 40 63 35 36 29 52 60 36 37 0 49 19 66 62 41 17 21 45 64 36 35 59 63 67 86 55 54 22 30 32 68 50 20 60 42
77 55 60 65 86 65 19 42 21 46 58 86 74 42 57 66 18 55 71 11 20 64 68 61 67 78 52 43 31 82 77 50 37 55 6 21 25 53 32 54 67 38 61 32 37 38 61 78 26 57 11 55 18 71 90 5 67 55 75 39 29 22 40 77 68 27 53 68 30 59 82 94 84 16 49 0 68 52 55 74 41 62 81 93 21 15 60 89 105 73 37 84 69 25 34 63 43 33 50 12
104 36 23 59 53 61 49 35 80 46 35 25 56 48 43 62 63 89 86 77 53 93 96 84 38 13 18 29 47 36 103 20 52 74 64 56 50 23 36 16 13 48 7 51 33 80 11 60 58 12 64 14 86 32 41 73 67 57 24 39 46 62 65 55 88 58 79 39 50 30 54 58 23 55 19 68 0 81 77 44 31 16 45 66 52 54 72 66 62 100 72 56 5 49 50 82 66 36 75 60
26 91 88 35 63 33 56 47 72 35 50 85 46 33 42 33 68 8 21 60 42 13 17 9 53 94 64 74 38 71 26 74 30 11 57 68 69 81 55 76 89 81 77 34 67 16 71 48 74 74 42 69 53 102 78 50 29 28 100 43 70 33 18 50 16 30 4 53 74 91 57 68 83 60 66 52 81 0 8 56 72 86 63 62 65 56 17 57 83 22 15 58 86 41 34 13 16 65 6 61
28 89 86 27 56 25 56 44 76 31 44 79 39 30 36 25 70 15 16 64 42 16 19 7 47 90 60 72 37 64 27 71 28 4 59 69 69 79 54 73 85 81 73 33 66 22 66 41 76 71 44 65 58 99 71 54 22 22 97 40 70 34 17 43 14 31 4 47 74 89 50 61 77 61 62 55 77 8 0 49 70 83 56 54 66 57 10 49 75 23 18 50 82 41 32 8 14 64 5 62
71 73 63 23 13 25 62 34 93 29 17 33 14 34 18 25 80 64 51 85 54 64 66 54 8 54 37 59 43 16 70 51 39 45 74 75 70 59 49 50 56 77 44 43 56 63 36 16 80 45 65 40 87 75 22 76 31 28 68 36 69 56 46 11 55 50 52 7 74 69 11 20 32 69 41 74 44 56 49 0 58 57 8 23 70 65 40 22 31 68 55 13 49 50 41 50 45 57 50 73
98 19 19 63 70 64 23 29 50 43 42 54 66 42 47 65 33 79 84 48 32 85 89 77 51 38 22 2 34 58 97 11 42 68 36 26 19 12 16 15 26 19 24 38 5 65 28 70 27 19 41 21 59 31 65 46 69 57 34 31 16 43 54 66 83 42 70 52 20 20 69 77 52 26 17 41 31 72 70 58 0 21 63 81 23 26 69 79 85 93 59 71 30 31 38 77 57 9 67 31
110 20 8 69 67 71 43 39 70 52 45 41 68 53 52 72 53 93 94 69 51 98 102 90 51 18 23 19 49 51 110 13 55 80 57 46 40 9 33 10 5 35 13 53 25 81 21 72 47 13 61 18 80 18 56 67 77 65 14 43 36 61 68 67 95 59 84 52 39 14 68 73 39 47 21 62 16 86 83 57 21 0 59 80 43 47 80 79 77 106 75 70 12 48 52 89 70 29 80 52
77 76 66 29 8 31 68 41 100 36 23 30 19 41 26 31 86 71 57 92 62 70 72 60 14 53 41 63 50 11 76 55 47 52 81 81 76 62 55 53 58 82 46 51 61 71 38 20 85 48 72 43 95 77 16 84 37 36 69 42 74 64 54 15 61 58 59 13 80 72 11 14 29 75 45 81 45 63 56 8 63 59 0 21 76 72 47 22 24 74 63 12 50 57 48 56 53 63 57 80
68 96 86 29 13 30 82 55 113 46 39 49 18 51 37 30 101 69 49 103 73 65 66 56 30 74 60 82 62 31 67 74 56 51 93 96 92 82 71 73 78 99 66 61 79 73 58 15 101 68 82 63 103 97 32 94 33 39 89 56 91 72 58 16 55 67 58 29 96 92 12 11 49 89 64 93 66 62 54 23 81 80 21 0 92 86 44 5 23 66 67 10 71 69 58 52 56 80 57 93
92 34 40 68 83 69 10 36 27 47 53 74 74 43 55 70 11 70 81 26 24 78 82 73 63 61 39 24 32 75 91 33 41 65 15 4 4 34 22 37 49 18 45 35 20 54 47 78 10 41 26 40 38 50 82 26 72 59 55 36 8 33 49 76 80 35 65 64 9 39 80 90 72 6 36 21 52 65 66 70 23 43 76 92 0 9 68 89 100 87 50 82 52 26 37 74 52 16 61 9
83 41 45 61 78 61 4 31 28 40 49 73 68 36 49 62 15 61 73 23 15 69 73 64 58 63 38 28 25 71 82 35 33 57 10 12 13 38 19 39 52 26 46 27 22 45 47 72 18 42 17 40 33 56 79 20 64 52 60 30 16 24 41 70 71 26 56 59 18 45 75 85 71 4 35 15 54 56 57 65 26 47 72 86 9 0 60 83 96 78 41 77 55 18 29 65 44 18 53 8
32 88 83 18 46 16 58 41 81 27 38 72 29 28 30 16 74 25 14 70 45 23 25 13 39 85 57 71 37 56 31 69 28 6 63 72 71 77 53 70 81 82 69 34 65 30 62 31 78 67 49 62 65 97 62 59 12 15 94 38 72 38 20 33 16 34 13 39 76 87 40 51 70 64 59 60 72 17 10 40 69 80 47 44 68 60 0 39 66 28 26 41 77 42 32 10 17 64 13 66
63 95 86 25 15 26 79 53 109 43 37 51 15 48 34 25 98 64 44 100 70 60 61 51 29 75 59 80 59 33 62 73 52 46 90 93 90 81 68 72 78 97 66 57 77 69 58 11 99 67 78 62 99 97 35 90 28 35 90 53 89 68 54 13 49 63 53 28 94 91 12 15 51 87 63 89 66 57 49 22 79 79 22 5 89 83 39 0 28 61 62 10 71 65 55 47 52 77 52 90
91 96 85 48 20 50 92 65 124 60 47 39 37 65 49 50 110 90 72 116 86 88 88 78 38 67 63 85 74 27 90 76 70 71 105 104 99 82 78 73 75 104 65 75 84 92 58 35 109 68 96 64 118 93 21 108 54 57 84 66 97 87 76 33 77 82 79 37 103 91 26 14 40 99 67 105 62 83 75 31 85 77 24 23 100 96 66 28 0 89 85 25 66 81 72 74 75 86 77 104
4 112 109 45 71 43 78 67 92 54 66 100 55 53 58 43 90 18 17 80 64 9 5 16 67 112 84 95 60 84 4 94 51 26 78 90 90 102 77 96 108 103 96 55 88 35 89 55 96 94 63 89 71 123 89 70 37 43 120 64 92 54 39 59 13 52 23 67 96 112 65 75 98 82 86 73 100 22 23 68 93 106 74 66 87 78 28 61 89 0 37 65 105 63 55 18 37 86 27 82
41 77 76 37 65 36 41 37 57 29 45 80 49 25 38 37 53 20 34 45 27 28 32 24 51 85 54 61 26 69 41 62 21 20 41 53 54 69 43 65 78 67 67 22 54 8 62 52 59 64 26 59 40 89 76 35 35 28 89 33 56 17 9 52 31 16 16 51 59 79 59 71 78 45 55 37 72 15 18 55 59 75 63 67 50 41 26 62 85 37 0 60 76 28 23 26 10 51 13 45
68 86 76 23 6 25 73 46 104 38 29 42 12 43 27 25 91 65 48 95 64 63 64 53 20 65 50 72 53 23 67 64 47 46 84 86 82 72 61 63 69 89 57 52 69 68 48 10 92 58 74 53 96 87 26 86 29 32 80 47 81 64 52 8 53 59 54 19 86 82 2 11 41 80 54 84 56 58 50 13 71 70 12 10 82 77 41 10 25 65 60 0 61 60 50 49 50 70 52 84
109 32 20 64 58 66 50 39 80 51 40 29 62 52 48 67 63 94 91 77 55 98 101 88 44 9 22 29 51 41 108 20 56 78 65 56 49 21 38 16 8 46 9 54 33 84 16 65 57 13 66 17 87 27 45 74 72 62 19 43 46 65 69 60 93 62 83 45 50 26 59 63 27 55 22 69 5 86 82 49 30 12 50 71 52 55 77 71 66 105 76 61 0 52 53 87 70 37 80 61
68 50 49 43 62 43 16 17 44 22 33 63 51 18 32 44 33 48 56 35 5 54 58 48 42 61 31 33 7 58 67 35 15 40 25 30 28 42 15 39 52 40 43 9 26 34 40 55 36 39 16 35 39 62 66 27 46 34 63 14 29 13 24 52 54 11 40 43 34 51 58 69 61 22 30 25 49 41 41 50 31 48 57 69 26 18 42 65 81 63 28 60 52 0 11 48 27 23 37 25
59 57 54 32 52 32 27 15 55 12 26 59 40 7 23 33 44 41 46 45 15 47 50 39 34 62 31 40 5 51 59 40 4 30 35 41 39 47 22 42 55 50 44 3 34 30 39 44 47 41 24 36 47 68 59 36 35 22 67 10 40 16 16 42 45 10 32 35 44 57 48 59 57 33 32 34 50 34 32 41 38 52 48 58 37 29 32 55 72 55 23 50 53 11 0 39 18 32 28 36
22 96 92 27 55 25 64 50 83 36 48 81 38 36 39 25 78 17 8 72 50 14 16 4 49 94 66 79 44 66 21 77 35 9 67 77 77 85 61 79 91 89 78 40 72 29 71 39 83 76 52 71 65 105 72 62 20 25 103 47 78 42 25 42 6 39 10 49 82 96 49 59 80 69 68 63 82 13 8 50 77 89 56 52 74 65 10 47 74 18 26 49 87 48 39 0 22 71 13 70
41 75 73 27 55 26 42 32 64 21 36 71 39 18 29 27 57 23 29 52 29 28 32 21 41 79 49 59 23 59 40 58 15 13 46 56 55 66 40 60 73 67 61 19 52 18 55 42 62 59 31 54 49 86 67 42 26 18 85 28 56 21 3 42 28 17 14 41 60 76 49 61 70 48 50 43 66 16 14 45 57 70 53 56 52 44 17 52 75 37 10 50 70 27 18 22 0 50 10 49
91 26 28 59 70 60 14 25 43 38 41 58 64 36 44 61 27 71 78 41 24 78 82 71 50 46 23 11 27 60 90 17 36 62 28 20 14 21 10 21 34 20 29 31 4 57 31 68 23 25 32 24 51 40 67 38 65 52 42 26 12 35 47 64 77 35 63 51 17 28 68 77 56 18 20 33 36 65 64 57 9 29 63 80 16 18 64 77 86 86 51 70 37 23 32 71 50 0 60 24
31 85 83 29 58 28 52 41 70 29 44 79 41 27 36 28 65 15 21 59 38 18 22 11 47 88 58 69 33 65 31 68 25 7 54 65 65 76 50 70 83 77 70 29 62 17 64 43 71 68 39 63 53 96 72 49 25 22 94 38 66 29 13 45 18 26 4 47 70 86 52 63 77 57 60 50 75 6 5 50 67 80 57 57 61 53 13 52 77 27 13 52 80 37 28 13 10 60 0 58
87 43 49 68 86 68 12 39 21 48 56 80 76 43 57 69 8 65 78 17 21 73 77 69 66 69 45 33 32 79 86 41 40 62 6 9 14 43 26 45 57 26 53 34 28 48 54 80 14 48 19 47 29 59 87 17 71 59 64 38 17 28 46 77 76 32 61 67 17 48 82 93 78 5 42 12 60 61 62 73 31 52 80 93 9 8 66 90 104 82 45 84 61 25 36 70 49 24 58 0
