0 34 43 86 94 61 89 56 31 32 39 27 87 96 55 36 49 37 73 88 40 108 76 82 85 55 83 34 77 98 72 46 84 43 69 78 25 29 16 77 69 70 48 98 99 53 82 36 50 60
34 0 57 89 82 59 98 85 9 11 37 60 78 71 64 55 73 51 57 68 6 84 56 63 90 79 57 4 71 75 45 56 77 45 52 61 48 62 35 60 85 42 29 76 83 31 77 4 24 81
43 57 0 44 63 27 45 41 60 47 24 38 54 80 12 9 23 6 52 67 62 89 57 60 42 26 72 59 43 80 66 5 49 18 49 56 20 38 29 55 28 66 43 78 71 48 46 60 53 26
86 89 44 0 39 30 18 72 95 79 53 81 32 73 32 52 55 49 49 57 93 76 56 53 5 53 73 93 26 70 74 41 25 45 50 50 64 80 71 49 33 75 64 66 50 65 23 93 74 47
94 82 63 39 0 36 57 102 91 74 55 100 9 37 54 72 83 66 25 23 84 37 29 23 44 83 42 86 20 33 49 58 16 52 30 23 80 100 80 23 68 51 53 28 10 51 18 85 60 78
61 59 27 30 36 0 43 68 66 49 24 65 27 55 20 36 49 30 27 40 63 63 34 34 32 50 50 63 16 55 48 22 23 18 25 30 44 64 46 29 40 48 33 52 43 35 21 62 44 47
89 98 45 18 57 43 0 64 103 88 61 78 49 90 35 53 49 52 65 74 103 94 72 70 13 45 89 102 43 88 90 44 43 53 66 67 65 77 74 66 24 90 76 83 67 78 40 102 86 38
56 85 41 72 102 68 64 0 84 78 63 30 93 122 48 36 19 42 93 108 91 130 99 102 68 20 113 86 82 122 106 46 87 58 90 97 37 28 50 96 40 105 82 119 111 87 84 88 90 26
31 9 60 95 91 66 103 84 0 17 43 57 86 80 69 57 74 54 66 77 11 93 65 72 96 80 66 5 78 84 54 60 85 50 61 70 49 59 35 69 88 51 38 85 92 40 84 8 33 83
32 11 47 79 74 49 88 78 17 0 26 55 68 66 54 46 64 41 49 61 16 79 49 56 79 70 53 14 61 69 42 46 68 34 44 53 40 56 28 52 74 39 21 70 75 24 67 14 19 72
39 37 24 53 55 24 61 63 43 26 0 49 48 62 28 27 46 21 36 51 42 72 39 44 53 50 51 40 38 63 44 21 46 8 31 40 29 50 25 39 50 43 19 62 60 24 44 40 29 50
27 60 38 81 100 65 78 30 57 55 49 0 92 111 50 29 30 34 85 100 66 122 89 93 78 36 100 60 81 112 91 43 87 49 80 89 21 2 27 88 55 89 65 111 107 70 85 62 71 43
87 78 54 32 9 27 49 93 86 68 48 92 0 42 45 63 74 57 23 26 80 44 29 24 36 74 44 82 11 39 49 49 7 44 27 22 72 91 72 22 59 51 48 34 19 48 9 81 57 69
96 71 80 73 37 55 90 122 80 66 62 111 42 0 76 87 103 80 29 16 70 13 23 21 77 105 14 75 48 5 26 75 48 64 31 25 91 111 85 26 95 29 47 10 29 43 50 73 48 102
55 64 12 32 54 20 35 48 69 54 28 50 45 76 0 21 29 18 47 61 69 83 53 55 30 30 69 67 34 75 66 9 39 20 45 51 33 49 40 49 22 65 46 72 62 49 36 68 56 27
36 55 9 52 72 36 53 36 57 46 27 29 63 87 21 0 19 6 59 74 61 96 64 67 50 24 77 57 52 87 71 14 58 23 55 63 12 29 23 62 33 69 46 85 79 51 55 58 55 27
49 73 23 55 83 49 49 19 74 64 46 30 74 103 29 19 0 25 74 89 79 112 80 83 52 6 95 75 63 103 89 27 68 40 72 78 26 29 39 77 25 88 65 100 92 70 65 76 74 13
37 51 6 49 66 30 52 42 54 41 21 34 57 80 18 6 25 0 52 67 57 90 57 61 48 29 71 54 46 81 64 9 53 16 49 57 15 34 22 55 34 63 40 79 73 45 50 55 49 30
73 57 52 49 25 27 65 93 66 49 36 85 23 29 47 59 74 52 0 15 59 37 7 9 52 76 24 61 23 28 26 47 26 36 5 4 64 85 61 3 67 27 28 26 26 26 27 60 35 74
88 68 67 57 23 40 74 108 77 61 51 100 26 16 61 74 89 67 15 0 69 23 12 6 61 90 19 72 32 14 28 62 32 51 19 11 79 100 75 12 79 30 40 11 17 37 34 70 44 87
40 6 62 93 84 63 103 91 11 16 42 66 80 70 69 61 79 57 59 69 0 83 57 64 94 85 56 6 74 74 44 61 80 50 54 62 54 67 41 61 90 41 32 76 84 33 80 4 25 87
108 84 89 76 37 63 94 130 93 79 72 122 44 13 83 96 112 90 37 23 83 0 33 29 81 113 27 88 52 10 39 84 51 74 41 33 101 122 96 35 101 42 60 11 27 55 53 86 60 110
76 56 57 56 29 34 72 99 65 49 39 89 29 23 53 64 80 57 7 12 57 33 0 7 59 82 17 60 30 23 20 53 33 41 9 6 68 89 64 7 73 22 28 22 27 25 34 59 33 80
82 63 60 53 23 34 70 102 72 56 44 93 24 21 55 67 83 61 9 6 64 29 7 0 57 84 20 67 27 20 26 55 29 45 13 4 73 93 69 6 74 28 35 18 20 32 30 66 40 81
85 90 42 5 44 32 13 68 96 79 53 78 36 77 30 50 52 48 52 61 94 81 59 57 0 49 76 93 30 75 77 39 30 45 53 54 62 77 69 53 29 78 65 70 54 67 27 93 76 42
55 79 26 53 83 50 45 20 80 70 50 36 74 105 30 24 6 29 76 90 85 113 82 84 49 0 98 81 63 105 92 30 68 44 74 80 32 34 45 79 21 91 69 102 92 74 65 82 78 7
83 57 72 73 42 50 89 113 66 53 51 100 44 14 69 77 95 71 24 19 56 27 17 20 76 98 0 61 46 18 12 68 49 55 25 22 80 100 73 23 90 15 35 21 36 30 50 59 34 96
34 4 59 93 86 63 102 86 5 14 40 60 82 75 67 57 75 54 61 72 6 88 60 67 93 81 61 0 75 79 49 59 81 48 57 65 49 62 36 64 87 46 34 80 87 36 81 3 28 83
77 71 43 26 20 16 43 82 78 61 38 81 11 48 34 52 63 46 23 32 74 52 30 27 30 63 46 75 0 46 48 38 7 34 25 24 61 80 62 23 49 50 42 41 29 42 6 74 52 59
98 75 80 70 33 55 88 122 84 69 63 112 39 5 75 87 103 81 28 14 74 10 23 20 75 105 18 79 46 0 30 75 45 64 32 24 92 112 87 26 94 33 50 5 24 46 48 76 51 102
72 45 66 74 49 48 90 106 54 42 44 91 49 26 66 71 89 64 26 28 44 39 20 26 77 92 12 49 48 30 0 62 52 49 24 26 72 92 64 27 87 3 26 33 45 21 53 47 22 91
46 56 5 41 58 22 44 46 60 46 21 43 49 75 9 14 27 9 47 62 61 84 53 55 39 30 68 59 38 75 62 0 44 14 44 51 24 42 30 50 29 62 40 73 66 44 42 60 50 29
84 77 49 25 16 23 43 87 85 68 46 87 7 48 39 58 68 53 26 32 80 51 33 29 30 68 49 81 7 45 52 44 0 41 29 27 67 87 69 26 52 54 49 41 26 48 3 81 58 63
43 45 18 45 52 18 53 58 50 34 8 49 44 64 20 23 40 16 36 51 50 74 41 45 45 44 55 48 34 64 49 14 41 0 33 41 28 49 28 39 42 48 26 62 58 30 39 48 36 43
69 52 49 50 30 25 66 90 61 44 31 80 27 31 45 55 72 49 5 19 54 41 9 13 53 74 25 57 25 32 24 44 29 33 0 9 60 81 56 8 66 25 23 30 31 21 30 55 30 72
78 61 56 50 23 30 67 97 70 53 40 89 22 25 51 63 78 57 4 11 62 33 6 4 54 80 22 65 24 24 26 51 27 41 9 0 69 89 65 1 70 28 32 22 22 29 28 63 38 77
25 48 20 64 80 44 65 37 49 40 29 21 72 91 33 12 26 15 64 79 54 101 68 73 62 32 80 49 61 92 72 24 67 28 60 69 0 21 13 67 44 70 46 90 86 51 65 51 53 36
29 62 38 80 100 64 77 28 59 56 50 2 91 111 49 29 29 34 85 100 67 122 89 93 77 34 100 62 80 112 92 42 87 49 81 89 21 0 29 88 53 90 66 111 107 71 84 64 72 41
16 35 29 71 80 46 74 50 35 28 25 27 72 85 40 23 39 22 61 75 41 96 64 69 69 45 73 36 62 87 64 30 69 28 56 65 13 29 0 64 55 62 38 86 85 43 67 38 43 49
77 60 55 49 23 29 66 96 69 52 39 88 22 26 49 62 77 55 3 12 61 35 7 6 53 79 23 64 23 26 27 50 26 39 8 1 67 88 64 0 69 28 31 23 23 29 27 63 37 76
69 85 28 33 68 40 24 40 88 74 50 55 59 95 22 33 25 34 67 79 90 101 73 74 29 21 90 87 49 94 87 29 52 42 66 70 44 53 55 69 0 87 68 90 77 71 49 88 78 14
70 42 66 75 51 48 90 105 51 39 43 89 51 29 65 69 88 63 27 30 41 42 22 28 78 91 15 46 50 33 3 62 54 48 25 28 70 90 62 28 87 0 24 36 48 19 55 44 20 91
48 29 43 64 53 33 76 82 38 21 19 65 48 47 46 46 65 40 28 40 32 60 28 35 65 69 35 34 42 50 26 40 49 26 23 32 46 66 38 31 68 24 0 50 54 5 48 32 11 69
98 76 78 66 28 52 83 119 85 70 62 111 34 10 72 85 100 79 26 11 76 11 22 18 70 102 21 80 41 5 33 73 41 62 30 22 90 111 86 23 90 36 50 0 19 46 43 78 52 98
99 83 71 50 10 43 67 111 92 75 60 107 19 29 62 79 92 73 26 17 84 27 27 20 54 92 36 87 29 24 45 66 26 58 31 22 86 107 85 23 77 48 54 19 0 52 28 86 60 88
53 31 48 65 51 35 78 87 40 24 24 70 48 43 49 51 70 45 26 37 33 55 25 32 67 74 30 36 42 46 21 44 48 30 21 29 51 71 43 29 71 19 5 46 52 0 48 34 9 73
82 77 46 23 18 21 40 84 84 67 44 85 9 50 36 55 65 50 27 34 80 53 34 30 27 65 50 81 6 48 53 42 3 39 30 28 65 84 67 27 49 55 48 43 28 48 0 80 57 60
36 4 60 93 85 62 102 88 8 14 40 62 81 73 68 58 76 55 60 70 4 86 59 66 93 82 59 3 74 76 47 60 81 48 55 63 51 64 38 63 88 44 32 78 86 34 80 0 26 85
50 24 53 74 60 44 86 90 33 19 29 71 57 48 56 55 74 49 35 44 25 60 33 40 76 78 34 28 52 51 22 50 58 36 30 38 53 72 43 37 78 20 11 52 60 9 57 26 0 79
60 81 26 47 78 47 38 26 83 72 50 43 69 102 27 27 13 30 74 87 87 110 80 81 42 7 96 83 59 102 91 29 63 43 72 77 36 41 49 76 14 91 69 98 88 73 60 85 79 0
