0 96 38 44 41 77 73 93 52 29 17 110 46 23 78 88 6 47 64 47 58 35 58 71 47 84 63 47 73 46 55 75 16 24 59 13 42 32 23 48 77 59 90 92 66 60 51 66 72 53 56 44 29 93 67 31 52 78 69 59 99 13 80 88 55 49 51 12 43 70 87 45 84 76 88 57 76 79 51 62 11 40 69 4 55 38 26 76 55 40 70 51 86 59 21 24 46 62 41 74
96 0 72 59 57 29 23 4 45 67 88 15 71 76 23 48 100 57 46 56 77 62 38 34 69 29 59 61 56 88 45 30 105 79 44 83 55 64 108 81 48 47 38 62 66 75 50 42 31 80 41 53 79 62 35 91 45 26 79 41 21 95 48 16 84 85 47 96 62 64 16 56 18 31 17 86 36 25 58 41 105 59 28 95 67 70 70 34 43 56 64 50 11 39 101 89 53 40 83 41
38 72 0 46 18 65 52 70 28 26 22 83 8 36 50 52 39 47 59 46 72 21 37 40 57 72 25 12 35 19 46 63 39 14 51 32 35 25 39 16 74 53 55 54 73 23 45 33 42 19 33 35 47 55 38 19 29 64 82 49 68 29 44 59 22 19 28 30 10 76 59 43 56 45 59 26 42 50 53 53 42 17 45 35 64 48 22 43 44 26 32 22 64 34 32 51 21 52 62 67
44 59 46 0 31 35 37 56 31 22 46 74 52 21 49 73 50 3 19 3 28 25 29 48 13 41 58 44 65 65 14 33 59 40 16 31 13 22 64 62 33 15 70 83 27 66 10 49 48 64 30 14 20 84 43 57 29 36 37 18 70 49 67 57 68 65 29 50 40 30 56 4 54 52 58 72 55 51 7 20 55 31 38 45 18 10 27 53 17 21 68 37 49 33 59 31 32 20 25 29
41 57 18 31 0 47 36 55 12 16 31 70 22 29 37 49 45 31 42 30 58 8 20 30 43 54 28 13 37 37 28 45 48 21 33 30 18 13 51 33 56 36 49 56 57 36 27 25 31 34 16 17 38 57 25 35 12 46 67 31 58 38 41 47 39 36 11 39 10 59 46 27 43 34 47 42 35 38 37 35 49 1 30 39 49 36 16 34 26 10 38 10 48 18 44 45 4 34 51 49
77 29 65 35 47 0 18 25 37 50 75 44 67 55 33 64 83 32 18 32 48 48 29 40 41 7 63 56 65 83 23 2 90 66 19 64 36 47 94 78 20 20 57 77 36 77 27 46 38 79 33 34 55 78 37 82 36 4 50 19 47 80 61 35 83 82 37 80 55 35 34 33 34 40 37 86 47 36 31 16 88 48 26 77 38 45 55 44 23 41 71 45 21 33 88 65 44 16 56 11
73 23 52 37 36 18 0 20 24 44 66 38 53 53 16 46 77 35 28 34 59 39 16 22 48 24 45 41 46 69 23 17 83 56 23 60 31 40 86 63 37 26 39 59 50 60 27 29 19 64 19 30 56 59 19 70 23 15 63 20 33 72 42 20 67 67 25 73 42 49 19 34 18 22 22 70 28 18 37 21 82 37 8 72 48 48 47 25 20 33 53 30 13 18 79 66 32 19 62 28
93 4 70 56 55 25 20 0 43 64 86 19 69 73 22 49 97 53 42 52 73 59 35 33 65 25 58 59 56 86 41 26 103 76 40 80 51 60 106 79 44 43 40 63 62 74 46 41 30 79 38 49 75 63 33 89 43 22 75 38 24 92 48 16 83 84 44 93 60 60 16 53 18 30 18 85 36 24 54 37 102 56 25 92 63 66 67 33 39 53 64 48 7 36 99 86 51 36 79 37
52 45 28 31 12 37 24 43 0 25 43 58 30 36 25 43 56 30 35 29 58 17 8 20 44 44 29 19 35 47 22 35 60 33 27 40 18 21 63 41 49 30 41 52 54 41 23 18 20 42 4 17 43 53 15 47 1 35 66 24 47 50 36 35 46 45 2 50 18 55 34 26 32 24 36 49 26 27 35 28 61 13 18 51 48 38 26 25 19 14 39 8 36 6 56 52 8 26 54 41
29 67 26 22 16 50 44 64 25 0 25 81 33 12 50 65 33 24 39 23 47 8 30 45 32 57 44 27 53 43 28 48 40 18 32 16 15 4 44 41 54 33 65 72 49 48 24 41 45 44 28 16 22 73 40 35 24 50 57 32 71 30 58 60 48 44 23 30 23 52 59 20 56 49 60 51 50 51 29 35 38 16 41 28 39 22 5 49 27 11 53 26 57 31 38 29 20 35 36 48
17 88 22 46 31 75 66 86 43 25 0 101 29 27 68 74 17 49 64 48 67 27 50 60 53 82 47 33 57 29 53 72 17 10 57 18 40 27 20 31 79 58 77 76 72 43 49 53 61 35 47 40 38 77 56 14 43 74 78 56 88 7 66 78 38 32 42 8 30 75 77 45 74 64 78 40 63 68 53 60 20 30 61 14 61 43 20 64 52 34 54 40 79 50 13 37 35 60 52 73
110 15 83 74 70 44 38 19 58 81 101 0 81 90 33 49 114 72 61 71 92 75 52 43 84 43 66 71 61 97 60 45 118 91 59 97 69 77 120 90 62 62 39 62 80 82 65 51 40 89 54 67 94 62 45 102 58 41 94 57 19 107 52 23 92 94 59 108 73 79 24 71 27 39 24 94 43 33 73 56 118 71 40 108 82 85 84 41 58 70 70 62 26 51 113 104 65 55 98 55
46 71 8 52 22 67 53 69 30 33 29 81 0 43 48 46 46 53 63 51 78 27 38 38 64 74 19 11 29 17 50 65 45 22 55 40 40 31 44 11 78 57 50 47 79 16 49 30 40 13 34 39 55 48 36 23 31 65 88 52 65 36 38 57 17 15 30 37 12 81 57 48 54 42 57 20 39 47 58 56 49 21 45 42 70 55 29 40 48 31 25 22 63 35 37 58 23 55 69 70
23 76 36 21 29 55 53 73 36 12 27 90 43 0 61 78 29 24 41 24 39 20 40 56 26 62 56 39 65 52 33 53 37 25 36 10 21 16 44 51 54 36 77 84 45 59 28 53 56 54 39 23 11 85 51 40 35 56 50 37 82 29 70 70 58 53 34 29 35 48 69 22 66 60 71 61 62 62 28 40 34 28 51 23 34 16 14 61 34 22 65 38 65 42 39 16 32 40 26 51
78 23 50 49 37 33 16 22 25 50 68 33 48 61 0 31 81 48 43 46 73 43 21 10 61 38 36 38 34 64 36 33 85 58 37 66 40 46 87 58 52 41 23 44 65 51 39 19 8 57 22 38 66 44 12 69 26 30 78 34 22 75 28 10 60 62 27 75 40 65 9 45 6 8 10 63 14 3 50 35 86 38 11 76 62 59 52 11 33 39 42 28 18 19 80 76 32 34 74 43
88 48 52 73 49 64 46 49 43 65 74 49 46 78 31 0 90 72 72 71 100 57 45 26 86 69 27 41 17 58 62 63 91 65 65 79 62 62 90 51 83 69 10 14 94 39 65 25 28 48 43 60 86 14 31 69 45 61 107 62 30 81 8 33 50 54 45 82 45 94 33 69 32 24 31 51 19 28 77 64 94 50 40 86 89 82 65 21 59 57 25 39 47 40 83 94 46 63 97 74
6 100 39 50 45 83 77 97 56 33 17 114 46 29 81 90 0 53 69 52 64 39 62 74 53 90 64 49 74 44 60 81 10 25 64 19 48 37 18 48 83 64 92 93 72 60 56 69 76 52 60 49 35 94 70 29 56 83 75 64 102 10 82 91 54 48 54 9 45 76 91 50 88 79 92 56 78 82 56 67 5 43 73 6 61 44 30 79 60 44 71 54 90 62 17 29 49 67 47 79
47 57 47 3 31 32 35 53 30 24 49 72 53 24 48 72 53 0 17 1 28 26 28 47 14 38 58 44 65 66 12 30 61 42 13 34 13 23 67 63 30 12 69 82 26 67 8 48 46 65 30 14 22 83 42 59 29 34 36 16 68 52 66 55 69 66 28 52 41 28 54 4 52 50 56 73 54 50 5 17 58 32 36 47 18 13 29 52 15 21 68 37 46 32 61 33 32 17 27 27
64 46 59 19 42 18 28 42 35 39 64 61 63 41 43 72 69 17 0 17 31 39 29 47 24 22 64 53 69 78 13 16 77 57 9 51 25 37 83 74 15 6 67 84 21 76 15 50 45 76 33 25 38 85 42 73 34 20 35 12 61 68 67 48 80 78 35 68 51 21 47 19 46 49 50 83 54 46 14 8 74 42 33 64 21 28 44 51 16 33 74 43 36 34 77 49 41 10 39 10
47 56 46 3 30 32 34 52 29 23 48 71 51 24 46 71 52 1 17 0 29 25 27 46 15 38 57 43 63 65 11 30 61 41 13 34 12 22 66 62 31 12 67 81 27 66 7 47 45 64 28 13 23 82 41 58 27 33 38 15 67 51 64 54 68 65 27 52 40 29 53 3 51 49 55 71 53 49 7 17 57 30 35 47 19 14 28 51 14 20 66 35 46 31 61 34 31 17 28 27
58 77 72 28 58 48 59 73 58 47 67 92 78 39 73 100 64 28 31 29 0 52 55 74 15 51 86 71 92 90 38 47 74 63 36 49 40 48 81 88 33 32 95 110 14 93 35 76 73 91 57 42 29 111 69 80 56 51 11 39 92 67 93 79 95 91 56 67 68 17 78 32 77 77 80 98 81 76 23 38 68 58 62 60 11 24 51 79 41 48 95 64 67 60 78 36 59 39 18 37
35 62 21 25 8 48 39 59 17 8 27 75 27 20 43 57 39 26 39 25 52 0 23 37 37 55 36 20 45 40 26 45 44 18 31 23 14 4 47 37 54 33 57 64 52 42 24 33 38 39 21 14 30 65 32 35 17 47 61 30 64 33 50 53 43 40 16 34 16 54 52 22 49 41 53 47 42 44 32 34 44 8 34 33 43 28 9 42 25 6 46 18 52 24 41 37 12 33 43 48
58 38 37 29 20 29 16 35 8 30 50 52 38 40 21 45 62 28 29 27 55 23 0 19 42 36 35 27 39 55 18 27 67 41 21 45 19 26 70 49 43 25 41 55 50 48 20 21 18 50 4 17 45 56 14 55 8 27 62 18 43 57 39 30 54 53 9 57 27 50 29 25 27 23 31 57 26 23 32 21 67 21 11 57 44 38 32 24 14 18 44 16 28 5 63 55 16 20 54 34
71 34 40 48 30 40 22 33 20 45 60 43 38 56 10 26 74 47 47 46 74 37 19 0 61 46 25 28 25 54 37 39 77 50 39 60 37 40 79 47 58 43 22 38 68 41 39 9 3 47 18 36 63 38 5 59 21 37 81 36 28 67 21 19 50 51 22 68 31 68 19 44 16 4 19 52 7 9 51 38 79 31 14 69 64 57 46 5 33 34 32 20 28 15 71 72 25 37 73 49
47 69 57 13 43 41 48 65 44 32 53 84 64 26 61 86 53 14 24 15 15 37 42 61 0 46 71 56 78 75 25 40 63 49 25 36 26 33 69 73 33 22 83 96 19 78 22 62 60 76 43 27 18 97 56 66 42 44 25 28 81 55 80 68 80 76 42 55 53 23 67 17 65 64 69 83 68 64 11 28 58 43 50 49 8 10 36 66 29 33 81 50 58 46 65 27 45 29 15 33
84 29 72 41 54 7 24 25 44 57 82 43 74 62 38 69 90 38 22 38 51 55 36 46 46 0 69 63 71 91 30 9 97 73 26 71 43 55 102 85 19 26 61 82 38 83 34 53 43 86 40 42 60 82 43 89 43 9 51 26 49 87 66 38 90 89 44 87 63 36 37 40 38 46 40 93 52 41 37 22 95 56 32 84 42 51 62 49 30 48 77 52 23 40 95 71 52 22 61 14
63 59 25 58 28 63 45 58 29 44 47 66 19 56 36 27 64 58 64 57 86 36 35 25 71 69 0 17 10 32 51 61 64 39 56 55 45 41 63 25 77 59 32 29 83 16 52 17 28 23 31 44 66 30 26 42 30 60 94 52 49 55 19 44 26 28 30 56 21 84 43 54 41 28 43 28 23 34 63 56 68 29 37 60 76 64 42 26 48 38 10 21 53 30 56 72 26 55 79 69
47 61 12 44 13 56 41 59 19 27 33 71 11 39 38 41 49 44 53 43 71 20 27 28 56 63 17 0 26 28 40 54 50 24 45 38 31 24 51 22 68 47 44 46 70 23 39 21 30 23 23 30 50 47 26 31 20 54 80 42 56 40 33 48 27 26 19 41 4 72 47 40 44 33 47 30 31 38 49 46 53 13 34 44 62 48 25 31 37 23 26 11 52 24 44 55 13 45 63 60
73 56 35 65 37 65 46 56 35 53 57 61 29 65 34 17 74 65 69 63 92 45 39 25 78 71 10 26 0 40 57 63 74 49 60 65 52 49 73 33 81 64 24 19 88 22 58 18 28 31 36 51 75 20 27 51 36 62 100 57 43 65 11 40 33 36 36 66 30 89 40 61 38 26 39 34 20 32 69 60 78 37 39 70 82 72 51 23 53 46 9 28 52 34 66 81 34 59 87 72
46 88 19 65 37 83 69 86 47 43 29 97 17 52 64 58 44 66 78 65 90 40 55 54 75 91 32 28 40 0 65 81 40 27 70 45 54 43 36 7 93 72 64 55 92 19 64 46 57 10 51 54 63 56 53 16 47 82 100 68 80 34 51 74 10 4 46 35 28 94 73 62 70 58 73 11 54 64 72 72 46 36 62 43 82 66 39 56 63 46 34 39 80 51 30 64 39 71 78 86
55 45 46 14 28 23 23 41 22 28 53 60 50 33 36 62 60 12 13 11 38 26 18 37 25 30 51 40 57 65 0 21 67 44 5 41 13 25 72 61 28 8 58 73 32 62 4 39 35 63 21 12 34 74 32 61 21 23 44 4 56 57 56 43 67 65 21 58 38 33 42 11 40 39 44 70 44 38 15 8 65 29 25 54 27 25 32 42 4 20 61 30 34 23 66 44 27 7 39 21
75 30 63 33 45 2 17 26 35 48 72 45 65 53 33 63 81 30 16 30 47 45 27 39 40 9 61 54 63 81 21 0 88 64 17 62 33 45 92 76 20 18 56 76 36 75 25 45 36 77 31 32 53 77 36 79 34 4 49 16 47 78 59 35 81 80 35 78 53 34 34 31 34 39 36 84 45 35 30 13 86 46 25 75 37 43 52 42 21 39 70 43 21 31 86 64 42 13 55 11
16 105 39 59 48 90 83 103 60 40 17 118 45 37 85 91 10 61 77 61 74 44 67 77 63 97 64 50 74 40 67 88 0 27 72 27 54 43 8 44 91 72 94 92 82 57 64 71 79 48 64 55 45 93 73 24 60 90 85 71 105 11 83 95 49 43 59 10 47 85 94 58 92 82 95 51 80 86 65 75 8 47 78 14 71 53 36 81 67 50 69 57 95 67 9 39 53 74 57 87
24 79 14 40 21 66 56 76 33 18 10 91 22 25 58 65 25 42 57 41 63 18 41 50 49 73 39 24 49 27 44 64 27 0 49 19 32 19 30 27 71 51 67 68 67 37 42 43 51 31 38 32 36 69 46 17 33 65 74 48 78 17 57 68 34 29 32 18 20 70 67 38 64 54 68 37 53 58 47 52 29 20 51 21 57 39 13 54 43 25 47 30 69 40 23 38 25 51 50 66
59 44 51 16 33 19 23 40 27 32 57 59 55 36 37 65 64 13 9 13 36 31 21 39 25 26 56 45 60 70 5 17 72 49 0 45 18 30 77 66 23 4 60 76 28 67 8 42 38 67 24 17 36 77 35 66 25 20 41 4 57 62 60 44 72 70 26 62 43 29 43 14 41 42 45 75 47 40 14 4 69 34 26 59 25 26 37 44 8 25 65 35 33 26 71 47 32 4 39 16
13 83 32 31 30 64 60 80 40 16 18 97 40 10 66 79 19 34 51 34 49 23 45 60 36 71 55 38 65 45 41 62 27 19 45 0 29 20 33 46 64 45 80 84 55 55 37 55 60 49 43 30 20 85 55 32 40 64 60 45 87 19 71 75 53 47 38 19 34 58 74 31 72 64 76 55 65 67 38 49 24 29 56 13 44 26 14 64 42 27 64 40 72 46 29 19 35 48 34 60
42 55 35 13 18 36 31 51 18 15 40 69 40 21 40 62 48 13 25 12 40 14 19 37 26 43 45 31 52 54 13 33 54 32 18 29 0 12 59 50 40 19 59 71 39 54 10 37 37 53 19 2 26 72 32 48 17 36 49 17 62 44 55 49 57 54 17 45 28 41 48 9 46 41 50 60 44 42 18 21 52 19 30 42 31 20 19 43 13 9 55 24 44 22 53 36 19 20 36 34
32 64 25 22 13 47 40 60 21 4 27 77 31 16 46 62 37 23 37 22 48 4 26 40 33 55 41 24 49 43 25 45 43 19 30 20 12 0 47 40 52 31 61 69 49 46 22 37 41 43 24 13 25 70 36 36 20 47 58 29 67 32 54 56 47 43 19 33 21 51 55 19 52 45 56 50 46 47 29 33 42 12 37 31 39 24 7 45 25 7 50 22 53 27 41 32 16 32 39 46
23 108 39 64 51 94 86 106 63 44 20 120 44 44 87 90 18 67 83 66 81 47 70 79 69 102 63 51 73 36 72 92 8 30 77 33 59 47 0 41 97 77 94 90 88 54 69 72 80 45 67 60 52 91 75 22 63 94 92 76 107 15 82 97 46 40 62 15 48 92 96 64 94 83 97 47 81 87 71 80 15 50 81 21 77 59 40 82 72 54 68 59 99 69 7 47 55 79 64 92
48 81 16 62 33 78 63 79 41 41 31 90 11 51 58 51 48 63 74 62 88 37 49 47 73 85 25 22 33 7 61 76 44 27 66 46 50 40 41 0 89 68 57 49 89 13 60 39 50 4 45 50 62 50 46 20 42 76 98 63 73 37 44 67 7 4 41 38 23 91 66 59 64 51 66 10 47 57 68 67 50 32 56 45 80 64 37 49 58 42 27 33 74 46 35 65 34 66 77 81
77 48 74 33 56 20 37 44 49 54 79 62 78 54 52 83 83 30 15 31 33 54 43 58 33 19 77 68 81 93 28 20 91 71 23 64 40 52 97 89 0 21 76 95 20 90 30 63 55 91 46 40 50 96 54 88 48 23 32 26 67 82 78 55 95 93 49 83 66 17 54 34 54 59 56 98 65 55 26 22 88 57 43 78 26 40 59 62 31 48 87 58 40 47 92 60 55 23 46 9
59 47 53 15 36 20 26 43 30 33 58 62 57 36 41 69 64 12 6 12 32 33 25 43 22 26 59 47 64 72 8 18 72 51 4 45 19 31 77 68 21 0 64 80 25 70 9 46 41 70 28 19 34 81 38 67 29 22 38 7 60 62 63 47 74 72 29 63 45 25 46 14 44 45 48 77 50 43 11 6 69 36 30 59 22 25 38 48 11 27 69 38 36 30 71 45 35 7 37 15
90 38 55 70 49 57 39 40 41 65 77 39 50 77 23 10 92 69 67 67 95 57 41 22 83 61 32 44 24 64 58 56 94 67 60 80 59 61 94 57 76 64 0 23 88 46 61 24 22 54 40 57 85 24 27 73 42 53 101 56 20 84 14 23 57 60 43 85 47 88 24 66 23 18 22 58 15 21 72 58 96 50 34 88 85 79 65 16 54 55 32 39 39 37 87 93 45 57 95 67
92 62 54 83 56 77 59 63 52 72 76 62 47 84 44 14 93 82 84 81 110 64 55 38 96 82 29 46 19 55 73 76 92 68 76 84 71 69 90 49 95 80 23 0 105 36 75 34 40 46 53 69 94 1 42 68 54 74 117 73 43 83 17 46 46 51 54 84 50 105 46 79 45 37 45 47 31 41 87 76 96 57 52 89 100 90 71 34 70 64 22 47 61 51 83 101 53 74 106 86
66 66 73 27 57 36 50 62 54 49 72 80 79 45 65 94 72 26 21 27 14 52 50 68 19 38 83 70 88 92 32 36 82 67 28 55 39 49 88 89 20 25 88 105 0 93 31 71 66 91 52 40 37 106 63 84 53 40 14 32 82 74 88 70 95 92 53 74 67 4 69 30 68 70 71 99 75 68 21 30 77 58 54 68 11 29 54 72 35 47 93 62 57 54 84 46 57 31 29 25
60 75 23 66 36 77 60 74 41 48 43 82 16 59 51 39 60 67 76 66 93 42 48 41 78 83 16 23 22 19 62 75 57 37 67 55 54 46 54 13 90 70 46 36 93 0 62 33 44 9 44 53 70 37 41 33 42 74 103 64 64 49 33 59 11 15 41 50 26 94 59 62 57 44 59 12 39 50 72 68 62 35 52 57 84 70 45 41 59 45 14 32 69 43 48 74 35 67 84 81
51 50 45 10 27 27 27 46 23 24 49 65 49 28 39 65 56 8 15 7 35 24 20 39 22 34 52 39 58 64 4 25 64 42 8 37 10 22 69 60 30 9 61 75 31 62 0 41 38 62 22 10 29 76 34 58 22 28 42 9 60 54 59 47 66 63 22 54 37 32 46 7 44 42 48 69 47 42 12 11 61 28 28 50 24 20 29 44 7 18 62 31 39 25 63 40 27 11 35 24
66 42 33 49 25 46 29 41 18 41 53 51 30 53 19 25 69 48 50 47 76 33 21 9 62 53 17 21 18 46 39 45 71 43 42 55 37 37 72 39 63 46 24 34 71 33 41 0 11 38 19 35 61 35 9 52 20 44 83 39 35 60 18 28 41 43 20 61 24 71 27 44 25 12 27 44 10 18 52 42 73 26 21 64 65 57 41 11 35 32 25 15 36 16 64 69 21 41 72 54
72 31 42 48 31 38 19 30 20 45 61 40 40 56 8 28 76 46 45 45 73 38 18 3 60 43 28 30 28 57 35 36 79 51 38 60 37 41 80 50 55 41 22 40 66 44 38 11 0 49 18 35 63 40 5 62 21 34 79 34 27 68 23 17 53 54 22 69 33 66 16 43 14 4 17 55 9 7 50 36 80 32 12 70 62 57 46 6 32 34 35 22 25 15 73 72 26 35 72 46
53 80 19 64 34 79 64 79 42 44 35 89 13 54 57 48 52 65 76 64 91 39 50 47 76 86 23 23 31 10 63 77 48 31 67 49 53 43 45 4 91 70 54 46 91 9 62 38 49 0 46 52 66 46 46 24 43 77 101 65 72 41 41 66 4 6 42 42 25 93 65 61 63 50 65 7 46 56 71 69 54 34 56 49 82 67 40 48 60 44 24 34 73 46 39 68 36 68 80 83
56 41 33 30 16 33 19 38 4 28 47 54 34 39 22 43 60 30 33 28 57 21 4 18 43 40 31 23 36 51 21 31 64 38 24 43 19 24 67 45 46 28 40 53 52 44 22 19 18 46 0 17 45 54 13 51 4 31 65 21 44 54 36 32 50 49 6 55 23 53 31 26 28 22 32 53 25 24 34 25 65 18 13 54 47 39 30 23 17 17 41 12 31 3 60 54 13 23 55 38
44 53 35 14 17 34 30 49 17 16 40 67 39 23 38 60 49 14 25 13 42 14 17 36 27 42 44 30 51 54 12 32 55 32 17 30 2 13 60 50 40 19 57 69 40 53 10 35 35 52 17 0 28 70 30 49 15 34 50 16 60 45 53 47 56 53 15 46 27 42 46 10 44 39 48 59 42 40 19 20 54 18 28 43 32 22 20 41 12 8 54 23 42 20 54 38 18 19 38 34
29 79 47 20 38 55 56 75 43 22 38 94 55 11 66 86 35 22 38 23 29 30 45 63 18 60 66 50 75 63 34 53 45 36 36 20 26 25 52 62 50 34 85 94 37 70 29 61 63 66 45 28 0 95 58 51 42 56 40 38 88 38 79 75 69 65 41 38 46 41 74 22 72 67 76 72 70 68 24 39 40 38 55 31 26 10 25 68 36 30 76 47 68 48 48 11 41 40 14 48
93 62 55 84 57 78 59 63 53 73 77 62 48 85 44 14 94 83 85 82 111 65 56 38 97 82 30 47 20 56 74 77 93 69 77 85 72 70 91 50 96 81 24 1 106 37 76 35 40 46 54 70 95 0 42 69 55 74 118 74 43 84 18 46 47 52 55 85 51 106 47 79 46 37 45 47 31 42 88 76 97 58 52 90 100 91 72 34 70 65 23 48 61 51 84 102 54 75 107 87
67 35 38 43 25 37 19 33 15 40 56 45 36 51 12 31 70 42 42 41 69 32 14 5 56 43 26 26 27 53 32 36 73 46 35 55 32 36 75 46 54 38 27 42 63 41 34 9 5 46 13 30 58 42 0 57 16 34 76 31 32 63 25 22 49 50 17 64 28 64 21 39 18 9 22 52 12 12 46 34 75 27 11 65 59 52 41 10 28 29 34 16 28 10 68 67 21 33 68 45
31 91 19 57 35 82 70 89 47 35 14 102 23 40 69 69 29 59 73 58 80 35 55 59 66 89 42 31 51 16 61 79 24 17 66 32 48 36 22 20 88 67 73 68 84 33 58 52 62 24 51 49 51 69 57 0 47 81 91 64 87 18 61 79 25 19 46 19 29 87 78 55 75 64 79 27 61 69 64 68 30 34 64 27 73 56 30 62 59 41 46 41 82 52 15 51 38 67 66 82
52 45 29 29 12 36 23 43 1 24 43 58 31 35 26 45 56 29 34 27 56 17 8 21 42 43 30 20 36 47 21 34 60 33 25 40 17 20 63 42 48 29 42 54 53 42 22 20 21 43 4 15 42 55 16 47 0 35 64 22 47 50 38 36 47 46 1 50 19 54 35 25 32 25 36 50 27 27 33 26 60 14 18 50 46 37 26 26 18 13 40 9 36 7 56 51 9 25 53 40
78 26 64 36 46 4 15 22 35 50 74 41 65 56 30 61 83 34 20 33 51 47 27 37 44 9 60 54 62 82 23 4 90 65 20 64 36 47 94 76 23 22 53 74 40 74 28 44 34 77 31 34 56 74 34 81 35 0 53 19 43 80 57 32 81 80 36 80 54 38 31 34 30 37 33 84 43 33 33 17 88 47 23 77 41 47 54 40 23 41 68 43 17 31 88 67 43 16 59 15
69 79 82 37 67 50 63 75 66 57 78 94 88 50 78 107 75 36 35 38 11 61 62 81 25 51 94 80 100 100 44 49 85 74 41 60 49 58 92 98 32 38 101 117 14 103 42 83 79 101 65 50 40 118 76 91 64 53 0 45 96 79 101 83 105 101 64 78 77 15 82 41 81 83 85 108 88 81 31 43 79 68 68 71 19 35 61 85 48 57 104 73 70 67 89 46 68 44 28 38
59 41 49 18 31 19 20 38 24 32 56 57 52 37 34 62 64 16 12 15 39 30 18 36 28 26 52 42 57 68 4 16 71 48 4 45 17 29 76 63 26 7 56 73 32 64 9 39 34 65 21 16 38 74 31 64 22 19 45 0 53 61 56 40 69 67 23 62 40 33 39 15 38 38 41 72 43 36 17 4 69 32 23 59 28 28 36 40 5 24 62 32 31 23 70 48 29 3 42 18
99 21 68 70 58 47 33 24 47 71 88 19 65 82 22 30 102 68 61 67 92 64 43 28 81 49 49 56 43 80 56 47 105 78 57 87 62 67 107 73 67 60 20 43 82 64 60 35 27 72 44 60 88 43 32 87 47 43 96 53 0 95 33 13 74 77 49 96 59 81 14 66 16 24 12 76 26 20 70 54 107 59 32 97 81 80 73 25 53 60 51 48 26 41 100 97 53 53 95 58
13 95 29 49 38 80 72 92 50 30 7 107 36 29 75 81 10 52 68 51 67 33 57 67 55 87 55 40 65 34 57 78 11 17 62 19 44 32 15 37 82 62 84 83 74 49 54 60 68 41 54 45 38 84 63 18 50 80 79 61 95 0 73 85 43 37 48 1 37 77 84 49 81 71 85 45 70 75 56 65 13 36 67 9 63 45 25 71 57 39 61 47 85 56 10 35 42 64 52 78
80 48 44 67 41 61 42 48 36 58 66 52 38 70 28 8 82 66 67 64 93 50 39 21 80 66 19 33 11 51 56 59 83 57 60 71 55 54 82 44 78 63 14 17 88 33 59 18 23 41 36 53 79 18 25 61 38 57 101 56 33 73 0 32 43 47 38 74 37 88 32 62 30 20 31 45 14 25 70 59 86 42 35 78 83 74 57 17 53 49 19 32 46 34 75 86 38 57 90 69
88 16 59 57 47 35 20 16 35 60 78 23 57 70 10 33 91 55 48 54 79 53 30 19 68 38 44 48 40 74 43 35 95 68 44 75 49 56 97 67 55 47 23 46 70 59 47 28 17 66 32 47 75 46 22 79 36 32 83 40 13 85 32 0 69 71 37 85 49 69 1 53 4 16 1 71 21 10 57 41 96 48 19 86 68 67 62 18 40 48 49 38 16 29 90 85 42 40 82 46
55 84 22 68 39 83 67 83 46 48 38 92 17 58 60 50 54 69 80 68 95 43 54 50 80 90 26 27 33 10 67 81 49 34 72 53 57 47 46 7 95 74 57 46 95 11 66 41 53 4 50 56 69 47 49 25 47 81 105 69 74 43 43 69 0 6 46 44 29 97 69 65 66 53 68 3 49 59 75 73 56 38 60 51 86 71 44 51 64 48 25 38 77 50 40 72 40 72 84 87
49 85 19 65 36 82 67 84 45 44 32 94 15 53 62 54 48 66 78 65 91 40 53 51 76 89 28 26 36 4 65 80 43 29 70 47 54 43 40 4 93 72 60 51 92 15 63 43 54 6 49 53 65 52 50 19 46 80 101 67 77 37 47 71 6 0 45 38 27 95 70 62 68 55 70 8 51 61 72 71 49 36 60 46 83 67 40 53 62 45 30 37 78 50 34 67 38 70 79 85
51 47 28 29 11 37 25 44 2 23 42 59 30 34 27 45 54 28 35 27 56 16 9 22 42 44 30 19 36 46 21 35 59 32 26 38 17 19 62 41 49 29 43 54 53 41 22 20 22 42 6 15 41 55 17 46 1 36 64 23 49 48 38 37 46 45 0 49 18 54 36 24 34 26 38 49 28 28 33 27 59 12 19 49 46 36 25 27 18 12 40 9 37 8 55 50 7 26 52 41
12 96 30 50 39 80 73 93 50 30 8 108 37 29 75 82 9 52 68 52 67 34 57 68 55 87 56 41 66 35 58 78 10 18 62 19 45 33 15 38 83 63 85 84 74 50 54 61 69 42 55 46 38 85 64 19 50 80 78 62 96 1 74 85 44 38 49 0 38 77 85 49 82 72 86 46 71 76 57 65 12 37 68 9 63 45 26 72 57 40 62 48 86 57 10 35 43 65 51 78
43 62 10 40 10 55 42 60 18 23 30 73 12 35 40 45 45 41 51 40 68 16 27 31 53 63 21 4 30 28 38 53 47 20 43 34 28 21 48 23 66 45 47 50 67 26 37 24 33 25 23 27 46 51 28 29 19 54 77 40 59 37 37 49 29 27 18 38 0 69 49 37 46 35 50 32 34 40 47 44 49 9 35 41 59 45 21 34 35 20 30 12 53 24 41 51 11 43 59 58
70 64 76 30 59 35 49 60 55 52 75 79 81 48 65 94 76 28 21 29 17 54 50 68 23 36 84 72 89 94 33 34 85 70 29 58 41 51 92 91 17 25 88 105 4 94 32 71 66 93 53 42 41 106 64 87 54 38 15 33 81 77 88 69 97 95 54 77 69 0 68 33 67 70 70 101 75 67 23 30 80 60 54 71 15 32 57 73 36 49 94 63 55 55 87 49 59 31 33 24
87 16 59 56 46 34 19 16 34 59 77 24 57 69 9 33 91 54 47 53 78 52 29 19 67 37 43 47 40 73 42 34 94 67 43 74 48 55 96 66 54 46 24 46 69 59 46 27 16 65 31 46 74 47 21 78 35 31 82 39 14 84 32 1 69 70 36 85 49 68 0 52 3 15 2 71 20 9 56 40 95 47 18 85 67 66 61 18 39 48 49 38 15 28 89 84 42 39 81 45
45 56 43 4 27 33 34 53 26 20 45 71 48 22 45 69 50 4 19 3 32 22 25 44 17 40 54 40 61 62 11 31 58 38 14 31 9 19 64 59 34 14 66 79 30 62 7 44 43 61 26 10 22 79 39 55 25 34 41 15 66 49 62 53 65 62 24 49 37 33 52 0 50 47 54 68 51 47 10 18 55 27 34 45 22 14 25 49 13 17 64 33 46 29 58 33 28 18 29 29
84 18 56 54 43 34 18 18 32 56 74 27 54 66 6 32 88 52 46 51 77 49 27 16 65 38 41 44 38 70 40 34 92 64 41 72 46 52 94 64 54 44 23 45 68 57 44 25 14 63 28 44 72 46 18 75 32 30 81 38 16 81 30 4 66 68 34 82 46 67 3 50 0 13 4 68 18 7 55 39 92 45 16 82 66 64 58 15 37 45 46 35 16 25 86 81 39 37 79 45
76 31 45 52 34 40 22 30 24 49 64 39 42 60 8 24 79 50 49 49 77 41 23 4 64 46 28 33 26 58 39 39 82 54 42 64 41 45 83 51 59 45 18 37 70 44 42 12 4 50 22 39 67 37 9 64 25 37 83 38 24 71 20 16 53 55 26 72 35 70 15 47 13 0 15 56 6 6 54 40 83 35 16 74 66 61 50 3 36 38 34 25 26 19 76 76 30 39 76 50
88 17 59 58 47 37 22 18 36 60 78 24 57 71 10 31 92 56 50 55 80 53 31 19 69 40 43 47 39 73 44 36 95 68 45 76 50 56 97 66 56 48 22 45 71 59 48 27 17 65 32 48 76 45 22 79 36 33 85 41 12 85 31 1 68 70 38 86 50 70 2 54 4 15 0 71 20 10 58 42 96 49 20 86 70 68 62 17 41 49 48 38 17 30 90 86 43 41 83 48
57 86 26 72 42 86 70 85 49 51 40 94 20 61 63 51 56 73 83 71 98 47 57 52 83 93 28 30 34 11 70 84 51 37 75 55 60 50 47 10 98 77 58 47 99 12 69 44 55 7 53 59 72 47 52 27 50 84 108 72 76 45 45 71 3 8 49 46 32 101 71 68 68 56 71 0 51 62 78 76 57 41 63 54 89 74 47 53 67 51 26 41 80 53 42 74 43 75 87 90
76 36 42 55 35 47 28 36 26 50 63 43 39 62 14 19 78 54 54 53 81 42 26 7 68 52 23 31 20 54 44 45 80 53 47 65 44 46 81 47 65 50 15 31 75 39 47 10 9 46 25 42 70 31 12 61 27 43 88 43 26 70 14 21 49 51 28 71 34 75 20 51 18 6 20 51 0 12 58 45 83 36 21 73 71 64 51 3 40 40 28 25 32 22 74 78 30 44 80 55
79 25 50 51 38 36 18 24 27 51 68 33 47 62 3 28 82 50 46 49 76 44 23 9 64 41 34 38 32 64 38 35 86 58 40 67 42 47 87 57 55 43 21 41 68 50 42 18 7 56 24 40 68 42 12 69 27 33 81 36 20 75 25 10 59 61 28 76 40 67 9 47 7 6 10 62 12 0 53 38 87 39 14 77 65 61 53 9 35 40 40 29 20 21 80 78 33 37 77 46
51 58 53 7 37 31 37 54 35 29 53 73 58 28 50 77 56 5 14 7 23 32 32 51 11 37 63 49 69 72 15 30 65 47 14 38 18 29 71 68 26 11 72 87 21 72 12 52 50 71 34 19 24 88 46 64 33 33 31 17 70 56 70 57 75 72 33 57 47 23 56 10 55 54 58 78 58 53 0 17 61 37 39 51 13 14 34 56 18 27 73 42 47 36 66 35 37 18 25 24
62 41 53 20 35 16 21 37 28 35 60 56 56 40 35 64 67 17 8 17 38 34 21 38 28 22 56 46 60 72 8 13 75 52 4 49 21 33 80 67 22 6 58 76 30 68 11 42 36 69 25 20 39 76 34 68 26 17 43 4 54 65 59 41 73 71 27 65 44 30 40 18 39 40 42 76 45 38 17 0 72 36 25 62 27 30 40 43 9 27 65 36 30 26 74 50 33 1 43 14
11 105 42 55 49 88 82 102 61 38 20 118 49 34 86 94 5 58 74 57 68 44 67 79 58 95 68 53 78 46 65 86 8 29 69 24 52 42 15 50 88 69 96 96 77 62 61 73 80 54 65 54 40 97 75 30 60 88 79 69 107 13 86 96 56 49 59 12 49 80 95 55 92 83 96 57 83 87 61 72 0 48 78 11 66 48 35 83 65 49 74 59 95 67 17 33 54 72 51 84
40 59 17 31 1 48 37 56 13 16 30 71 21 28 38 50 43 32 42 30 58 8 21 31 43 56 29 13 37 36 29 46 47 20 34 29 19 12 50 32 57 36 50 57 58 35 28 26 32 34 18 18 38 58 27 34 14 47 68 32 59 36 42 48 38 36 12 37 9 60 47 27 45 35 49 41 36 39 37 36 48 0 31 38 49 35 15 35 27 10 38 11 49 20 43 44 6 35 50 50
69 28 45 38 30 26 8 25 18 41 61 40 45 51 11 40 73 36 33 35 62 34 11 14 50 32 37 34 39 62 25 25 78 51 26 56 30 37 81 56 43 30 34 52 54 52 28 21 12 56 13 28 55 52 11 64 18 23 68 23 32 67 35 19 60 60 19 68 35 54 18 34 16 16 20 63 21 14 39 25 78 31 0 68 51 48 43 18 21 30 45 23 18 11 74 65 26 23 63 34
4 95 35 45 39 77 72 92 51 28 14 108 42 23 76 86 6 47 64 47 60 33 57 69 49 84 60 44 70 43 54 75 14 21 59 13 42 31 21 45 78 59 88 89 68 57 50 64 70 49 54 43 31 90 65 27 50 77 71 59 97 9 78 86 51 46 49 9 41 71 85 45 82 74 86 54 73 77 51 62 11 38 68 0 57 39 24 73 55 38 67 49 85 57 18 26 44 62 44 74
55 67 64 18 49 38 48 63 48 39 61 82 70 34 62 89 61 18 21 19 11 43 44 64 8 42 76 62 82 82 27 37 71 57 25 44 31 39 77 80 26 22 85 100 11 84 24 65 62 82 47 32 26 100 59 73 46 41 19 28 81 63 83 68 86 83 46 63 59 15 67 22 66 66 70 89 71 65 13 27 66 49 51 57 0 18 44 68 30 39 86 54 57 49 73 35 50 29 20 28
38 70 48 10 36 45 48 66 38 22 43 85 55 16 59 82 44 13 28 14 24 28 38 57 10 51 64 48 72 66 25 43 53 39 26 26 20 24 59 64 40 25 79 90 29 70 20 57 57 67 39 22 10 91 52 56 37 47 35 28 80 45 74 67 71 67 36 45 45 32 66 14 64 61 68 74 64 61 14 30 48 35 48 39 18 0 27 62 27 26 74 43 59 42 55 21 38 30 16 38
26 70 22 27 16 55 47 67 26 5 20 84 29 14 52 65 30 29 44 28 51 9 32 46 36 62 42 25 51 39 32 52 36 13 37 14 19 7 40 37 59 38 65 71 54 45 29 41 46 40 30 20 25 72 41 30 26 54 61 36 73 25 57 62 44 40 25 26 21 57 61 25 58 50 62 47 51 53 34 40 35 15 43 24 44 27 0 50 32 14 51 26 60 33 34 30 20 39 40 53
76 34 43 53 34 44 25 33 25 49 64 41 40 61 11 21 79 52 51 51 79 42 24 5 66 49 26 31 23 56 42 42 81 54 44 64 43 45 82 49 62 48 16 34 72 41 44 11 6 48 23 41 68 34 10 62 26 40 85 40 25 71 17 18 51 53 27 72 34 73 18 49 15 3 17 53 3 9 56 43 83 35 18 73 68 62 50 0 38 39 31 24 29 20 75 77 30 41 78 52
55 43 44 17 26 23 20 39 19 27 52 58 48 34 33 59 60 15 16 14 41 25 14 33 29 30 48 37 53 63 4 21 67 43 8 42 13 25 72 58 31 11 54 70 35 59 7 35 32 60 17 12 36 70 28 59 18 23 48 5 53 57 53 40 64 62 18 57 35 36 39 13 37 36 41 67 40 35 18 9 65 27 21 55 30 27 32 38 0 19 58 27 32 19 65 46 25 8 42 23
40 56 26 21 10 41 33 53 14 11 34 70 31 22 39 57 44 21 33 20 48 6 18 34 33 48 38 23 46 46 20 39 50 25 25 27 9 7 54 42 48 27 55 64 47 45 18 32 34 44 17 8 30 65 29 41 13 41 57 24 60 39 49 48 48 45 12 40 20 49 48 17 45 38 49 51 40 40 27 27 49 10 30 38 39 26 14 39 19 0 48 17 46 20 47 38 12 27 42 41
70 64 32 68 38 71 53 64 39 53 54 70 25 65 42 25 71 68 74 66 95 46 44 32 81 77 10 26 9 34 61 70 69 47 65 64 55 50 68 27 87 69 32 22 93 14 62 25 35 24 41 54 76 23 34 46 40 68 104 62 51 61 19 49 25 30 40 62 30 94 49 64 46 34 48 26 28 40 73 65 74 38 45 67 86 74 51 31 58 48 0 31 60 39 61 81 36 64 89 78
51 50 22 37 10 45 30 48 8 26 40 62 22 38 28 39 54 37 43 35 64 18 16 20 50 52 21 11 28 39 30 43 57 30 35 40 24 22 59 33 58 38 39 47 62 32 31 15 22 34 12 23 47 48 16 41 9 43 73 32 48 47 32 38 38 37 9 48 12 63 38 33 35 25 38 41 25 29 42 36 59 11 23 49 54 43 26 24 27 17 31 0 42 12 52 55 6 34 59 49
86 11 64 49 48 21 13 7 36 57 79 26 63 65 18 47 90 46 36 46 67 52 28 28 58 23 53 52 52 80 34 21 95 69 33 72 44 53 99 74 40 36 39 61 57 69 39 36 25 73 31 42 68 61 28 82 36 17 70 31 26 85 46 16 77 78 37 86 53 55 15 46 16 26 17 80 32 20 47 30 95 49 18 85 57 59 60 29 32 46 60 42 0 30 92 79 44 29 73 32
59 39 34 33 18 33 18 36 6 31 50 51 35 42 19 40 62 32 34 31 60 24 5 15 46 40 30 24 34 51 23 31 67 40 26 46 22 27 69 46 47 30 37 51 54 43 25 16 15 46 3 20 48 51 10 52 7 31 67 23 41 56 34 29 50 50 8 57 24 55 28 29 25 19 30 53 22 21 36 26 67 20 11 57 49 42 33 20 19 20 39 12 30 0 62 57 14 25 58 39
21 101 32 59 44 88 79 99 56 38 13 113 37 39 80 83 17 61 77 61 78 41 63 71 65 95 56 44 66 30 66 86 9 23 71 29 53 41 7 35 92 71 87 83 84 48 63 64 73 39 60 54 48 84 68 15 56 88 89 70 100 10 75 90 40 34 55 10 41 87 89 58 86 76 90 42 74 80 66 74 17 43 74 18 73 55 34 75 65 47 61 52 92 62 0 45 48 73 62 87
24 89 51 31 45 65 66 86 52 29 37 104 58 16 76 94 29 33 49 34 36 37 55 72 27 71 72 55 81 64 44 64 39 38 47 19 36 32 47 65 60 45 93 101 46 74 40 69 72 68 54 38 11 102 67 51 51 67 46 48 97 35 86 85 72 67 50 35 51 49 84 33 81 76 86 74 78 78 35 50 33 44 65 26 35 21 30 77 46 38 81 55 79 57 45 0 49 51 18 59
46 53 21 32 4 44 32 51 8 20 35 65 23 32 32 46 49 32 41 31 59 12 16 25 45 52 26 13 34 39 27 42 53 25 32 35 19 16 55 34 55 35 45 53 57 35 27 21 26 36 13 18 41 54 21 38 9 43 68 29 53 42 38 42 40 38 7 43 11 59 42 28 39 30 43 43 30 33 37 33 54 6 26 44 50 38 20 30 25 12 36 6 44 14 48 49 0 32 53 47
62 40 52 20 34 16 19 36 26 35 60 55 55 40 34 63 67 17 10 17 39 33 20 37 29 22 55 45 59 71 7 13 74 51 4 48 20 32 79 66 23 7 57 74 31 67 11 41 35 68 23 19 40 75 33 67 25 16 44 3 53 64 57 40 72 70 26 65 43 31 39 18 37 39 41 75 44 37 18 1 72 35 23 62 29 30 39 41 8 27 64 34 29 25 73 51 32 0 44 15
41 83 62 25 51 56 62 79 54 36 52 98 69 26 74 97 47 27 39 28 18 43 54 73 15 61 79 63 87 78 39 55 57 50 39 34 36 39 64 77 46 37 95 106 29 84 35 72 72 80 55 38 14 107 68 66 53 59 28 42 95 52 90 82 84 79 52 51 59 33 81 29 79 76 83 87 80 77 25 43 51 50 63 44 20 16 40 78 42 42 89 59 73 58 62 18 53 44 0 47
74 41 67 29 49 11 28 37 41 48 73 55 70 51 43 74 79 27 10 27 37 48 34 49 33 14 69 60 72 86 21 11 87 66 16 60 34 46 92 81 9 15 67 86 25 81 24 54 46 83 38 34 48 87 45 82 40 15 38 18 58 78 69 46 87 85 41 78 58 24 45 29 45 50 48 90 55 46 24 14 84 50 34 74 28 38 53 52 23 41 78 49 32 39 87 59 47 15 47 0
