0 22 28 95 39 21 52 58 6 37 56 21 5 89 32 62 27 17 54 71 24 84 41 41 46 56 80 61 67 48 92 84 51 16 26 66 30 4 37 31 87 48 98 79 52 57 44 88 30 34 98 70 38 104 40 58 24 41 57 28 28 55 31 77 66 50 60 27 85 31 33 29 33 88 92 28 34 46 13 41 89 59 102 93 64 13 72 15 86 42 60 40 36 22 59 75 68 28 66 4
22 0 11 75 17 33 30 35 17 50 50 33 25 73 9 68 45 40 33 76 46 85 25 26 26 33 76 39 49 28 80 85 30 22 29 45 8 18 19 17 86 39 80 64 55 35 56 87 50 45 79 60 29 85 32 48 36 19 36 50 10 41 35 72 67 37 41 25 64 27 23 26 45 84 93 50 49 27 22 20 72 54 85 78 58 35 50 38 73 26 46 31 22 10 54 58 67 33 44 25
28 11 0 78 19 42 31 34 24 59 60 42 28 79 11 78 54 45 34 86 52 95 15 34 18 32 85 34 53 32 87 95 32 32 40 46 14 24 9 27 96 48 84 71 66 36 66 97 57 55 82 69 39 89 42 57 46 14 29 56 1 49 45 82 78 45 45 35 65 37 34 37 55 94 104 55 59 18 21 14 77 64 90 85 68 40 48 42 81 34 54 40 31 6 64 64 78 43 45 31
95 75 78 0 59 90 47 47 89 100 61 90 98 23 67 95 105 111 43 96 112 89 81 55 71 48 69 57 28 47 41 89 46 84 80 33 67 91 76 64 85 56 12 29 83 43 101 84 113 94 6 51 62 11 63 51 92 65 66 117 77 44 81 68 82 50 35 73 14 71 65 72 96 75 93 120 105 73 97 69 16 63 19 31 60 107 39 110 40 53 41 60 60 83 64 25 77 81 35 95
39 17 19 59 0 45 13 19 34 61 48 45 42 60 9 73 59 57 16 80 61 85 27 20 21 16 72 26 34 13 69 85 13 35 38 28 10 35 20 18 85 35 65 52 59 18 66 86 65 55 63 54 28 69 31 42 48 11 27 66 18 32 43 69 69 30 26 31 47 31 25 32 56 81 93 67 62 23 38 15 57 51 71 66 54 52 33 55 63 19 37 29 20 24 52 45 67 41 27 41
21 33 42 90 45 0 55 63 21 17 40 0 26 80 41 40 15 27 56 49 23 63 57 36 59 61 62 70 63 49 79 63 53 10 11 67 36 22 51 29 66 36 92 69 31 61 24 68 22 13 92 55 29 98 28 45 3 51 69 27 42 47 12 59 45 41 57 17 83 19 25 18 12 69 72 32 17 60 35 53 81 42 94 82 48 26 77 27 73 38 51 31 31 38 42 67 48 10 69 18
52 30 31 47 13 55 0 10 46 69 48 55 54 50 21 77 69 69 3 83 73 85 36 22 27 9 70 23 24 8 62 85 3 45 46 15 22 47 30 26 84 36 53 44 63 6 73 85 76 63 51 50 32 57 35 40 57 19 27 77 31 28 50 67 70 28 16 39 34 38 31 39 64 79 93 79 71 29 51 23 47 51 59 57 53 65 22 67 56 20 32 32 25 36 52 35 68 49 15 53
58 35 34 47 19 63 10 0 53 78 57 63 60 55 26 87 78 75 11 93 80 95 35 32 24 2 79 14 29 18 68 95 13 53 55 14 28 53 30 35 94 45 55 50 73 6 83 94 84 72 52 59 42 58 45 50 66 20 20 84 33 37 59 76 80 38 23 48 33 48 41 48 73 88 102 85 80 26 55 22 50 61 62 62 62 71 14 73 63 30 40 42 35 40 62 41 78 58 12 60
6 17 24 89 34 21 46 53 0 37 52 21 10 84 27 60 29 23 49 69 28 81 38 36 42 50 76 56 62 43 87 81 45 13 23 61 24 2 34 25 84 43 93 74 50 52 44 85 33 33 92 65 33 99 35 53 23 36 53 32 24 50 28 73 63 45 54 23 79 26 28 25 33 85 90 33 35 42 15 37 83 55 97 88 60 19 67 21 81 37 55 35 30 19 55 69 65 26 61 7
37 50 59 100 61 17 69 78 37 0 42 17 41 86 57 28 14 35 70 37 26 54 74 49 76 76 58 86 73 62 81 54 67 27 23 81 53 38 68 43 59 43 99 75 25 75 7 61 20 6 101 57 39 107 38 50 14 68 85 28 59 56 19 55 38 50 69 30 94 31 38 30 5 64 62 36 7 77 50 70 89 43 100 86 48 37 91 37 76 50 59 41 44 55 43 76 42 20 82 33
56 50 60 61 48 40 48 57 52 42 0 40 61 44 51 34 52 67 47 37 63 38 73 28 69 56 25 70 38 40 39 38 45 40 31 53 47 54 66 33 37 13 58 34 22 52 42 38 60 38 61 15 21 66 19 10 41 59 74 66 59 21 29 22 23 19 38 29 59 26 27 27 40 34 45 72 49 70 66 63 48 4 59 44 8 65 66 67 33 29 21 20 29 60 4 36 20 30 56 55
21 33 42 90 45 0 55 63 21 17 40 0 26 80 41 40 15 27 56 49 23 63 57 36 59 61 62 70 63 49 79 63 53 10 11 67 36 22 51 29 66 36 92 69 31 61 24 68 22 13 92 55 29 98 28 45 3 51 69 27 42 47 12 59 45 41 57 17 83 19 25 18 12 69 72 32 17 60 35 53 81 42 94 82 48 26 77 27 73 38 51 31 31 38 42 67 48 10 69 18
5 25 28 98 42 26 54 60 10 41 61 26 0 94 34 66 30 16 57 75 25 89 40 45 46 58 85 62 71 52 97 89 54 21 31 69 32 8 37 35 92 53 102 84 57 60 48 93 31 38 102 75 43 108 44 63 28 42 58 28 29 60 36 82 71 55 64 32 88 36 37 34 37 93 97 26 37 46 10 42 93 64 107 98 69 11 74 13 90 46 65 45 40 22 64 79 73 33 69 8
89 73 79 23 60 80 50 55 84 86 44 80 94 0 68 76 94 104 47 76 103 67 86 48 77 55 47 68 26 47 18 67 48 76 69 41 66 85 79 59 63 44 15 11 66 49 86 62 102 81 19 31 52 23 52 36 81 69 75 107 78 34 69 46 62 39 34 64 30 61 57 62 83 52 71 112 92 79 94 73 7 45 14 9 41 101 52 103 17 47 29 50 54 82 46 15 57 70 45 89
32 9 11 67 9 41 21 26 27 57 51 41 34 68 0 73 54 49 24 80 55 87 22 24 19 24 76 30 42 21 76 87 22 30 35 36 5 28 15 18 88 38 73 59 60 26 63 89 59 52 72 59 30 78 33 47 44 10 28 59 10 38 41 73 70 35 34 30 55 31 25 31 52 85 95 59 58 21 30 13 65 55 79 74 58 45 40 47 70 24 43 31 22 15 55 52 69 39 35 34
62 68 78 95 73 40 77 87 60 28 34 40 66 76 73 0 42 63 77 9 54 27 93 55 92 86 36 98 72 69 66 27 75 48 39 85 68 62 86 55 32 43 91 67 14 83 22 34 48 28 94 45 45 99 43 44 38 83 100 56 78 54 33 35 15 51 71 43 93 42 48 42 30 40 34 64 35 93 75 86 81 32 90 74 35 64 98 65 62 57 55 45 53 76 31 70 21 35 88 59
27 45 54 105 59 15 69 78 29 14 52 15 30 94 54 42 0 22 71 51 12 68 68 51 71 76 71 84 78 64 92 68 68 24 26 83 50 30 63 44 72 50 106 83 38 76 21 74 8 16 107 67 44 113 43 59 13 64 82 15 53 62 25 68 52 56 72 32 98 34 41 33 14 77 76 22 8 72 40 66 96 54 108 96 59 24 91 24 86 53 65 45 46 48 53 82 56 24 84 24
17 40 45 111 57 27 69 75 23 35 67 27 16 104 49 63 22 0 71 72 11 88 56 57 62 73 88 78 83 65 105 88 68 28 36 84 47 22 53 47 92 61 114 93 57 75 42 94 19 35 114 81 52 120 52 71 27 58 74 13 45 70 38 85 71 64 77 40 101 43 47 42 33 96 96 10 29 62 25 58 104 69 117 107 74 5 90 3 98 58 75 54 51 38 69 90 74 37 84 16
54 33 34 43 16 56 3 11 49 70 47 56 57 47 24 77 71 71 0 82 75 84 39 22 30 10 69 24 21 8 59 84 3 47 47 12 25 50 33 27 83 35 50 41 63 5 74 83 77 64 48 48 33 54 35 39 59 23 30 79 34 27 51 66 70 27 13 40 31 39 32 40 65 77 92 81 73 32 54 26 43 50 56 54 52 67 21 69 54 20 30 32 26 39 51 32 67 50 13 56
71 76 86 96 80 49 83 93 69 37 37 49 75 76 80 9 51 72 82 0 63 19 101 61 99 91 32 104 75 75 64 19 80 57 47 89 75 71 94 62 25 48 91 67 21 88 31 27 57 38 95 45 51 99 49 47 47 90 106 65 86 58 42 32 14 55 75 51 96 50 55 49 39 34 25 73 44 101 84 93 81 34 89 73 36 73 102 74 60 63 58 51 60 84 33 72 19 44 92 68
24 46 52 112 61 23 73 80 28 26 63 23 25 103 55 54 12 11 75 63 0 80 65 57 70 78 82 85 84 68 102 80 72 28 33 87 52 28 61 48 84 59 114 92 50 79 32 86 8 27 114 78 51 121 51 68 22 64 81 4 52 69 34 79 64 64 78 39 104 42 47 40 25 89 88 10 19 70 35 65 104 64 117 105 70 15 94 14 95 59 74 53 52 46 64 90 67 33 87 21
84 85 95 89 85 63 85 95 81 54 38 63 89 67 87 27 68 88 84 19 80 0 109 65 106 94 20 108 72 77 52 0 82 69 59 89 82 83 102 69 6 50 82 60 32 89 49 8 74 53 86 39 57 90 54 45 62 96 111 82 94 58 53 21 18 57 74 60 91 58 62 59 55 17 9 90 61 107 96 99 73 34 79 62 33 89 102 89 50 66 56 56 65 94 33 67 18 56 92 81
41 25 15 81 27 57 36 35 38 74 73 57 40 86 22 93 68 56 39 101 65 109 0 46 11 33 98 28 60 40 97 109 38 47 55 48 27 38 8 40 110 61 89 79 81 38 81 111 71 70 86 81 52 92 55 69 60 17 21 68 16 60 60 95 92 57 52 50 68 52 47 52 69 107 118 66 73 9 31 13 83 77 96 93 81 51 46 53 91 46 64 54 44 19 77 71 92 58 46 44
41 26 34 55 20 36 22 32 36 49 28 36 45 48 24 55 51 57 22 61 57 65 46 0 41 30 52 44 27 14 53 65 20 29 26 32 20 37 39 10 65 15 57 39 41 28 52 66 59 42 57 35 10 64 13 23 39 31 46 62 33 15 29 49 49 11 21 19 47 17 11 19 44 61 73 65 52 43 46 35 48 31 61 53 34 53 43 55 47 2 20 10 6 36 32 34 47 29 34 41
46 26 18 71 21 59 27 24 42 76 69 59 46 77 19 92 71 62 30 99 70 106 11 41 0 23 93 18 51 32 88 106 29 49 55 38 24 42 9 38 106 56 79 71 79 28 82 107 75 71 76 75 49 82 52 64 62 10 11 74 18 53 60 90 89 51 43 49 57 50 45 50 71 102 114 73 76 2 38 6 73 72 86 84 75 57 35 60 83 40 57 50 40 24 73 62 88 58 36 49
56 33 32 48 16 61 9 2 50 76 56 61 58 55 24 86 76 73 10 91 78 94 33 30 23 0 79 14 30 17 68 94 11 51 53 16 26 51 28 33 93 44 57 50 72 6 81 93 81 70 54 58 40 59 43 49 64 18 20 82 31 37 58 76 79 37 23 46 35 46 39 47 71 87 101 83 78 25 53 21 51 60 63 63 62 68 17 71 63 29 40 40 33 38 61 41 77 56 13 58
80 76 85 69 72 62 70 79 76 58 25 62 85 47 76 36 71 88 69 32 82 20 98 52 93 79 0 93 54 63 33 20 67 64 54 71 72 78 91 59 16 38 62 40 33 74 54 16 78 55 66 21 46 70 44 30 61 83 97 85 85 42 50 3 21 42 57 53 72 51 52 51 57 9 25 92 65 95 91 87 53 22 59 42 18 87 85 89 30 53 39 45 54 85 22 48 16 52 75 78
61 39 34 57 26 70 23 14 56 86 70 70 62 68 30 98 84 78 24 104 85 108 28 44 18 14 93 0 43 30 82 108 25 60 64 26 34 57 26 44 107 58 67 63 85 20 92 107 89 81 63 73 53 68 56 63 74 20 9 89 34 51 69 90 93 51 37 57 43 57 51 58 81 101 115 88 87 19 55 20 63 74 74 76 76 73 19 75 77 42 54 53 45 40 75 54 90 67 23 64
67 49 53 28 34 63 24 29 62 73 38 63 71 26 42 72 78 83 21 75 84 72 60 27 51 30 54 43 0 21 39 72 22 56 52 18 41 63 53 37 70 30 31 20 59 24 75 70 85 67 30 34 34 37 35 28 65 43 50 89 52 18 54 52 61 23 8 46 21 43 37 45 69 62 79 92 77 53 70 47 23 41 36 33 40 80 31 82 34 25 17 33 33 57 42 11 57 54 21 68
48 28 32 47 13 49 8 18 43 62 40 49 52 47 21 69 64 65 8 75 68 77 40 14 32 17 63 30 21 0 56 77 5 40 39 19 20 44 33 20 76 27 52 39 55 13 66 77 70 56 51 43 25 57 27 33 51 23 34 72 31 21 43 60 62 21 13 32 36 31 24 32 57 71 85 75 65 34 50 27 44 43 58 53 45 61 29 63 51 12 25 24 18 36 44 31 60 42 20 49
92 80 87 41 69 79 62 68 87 81 39 79 97 18 76 66 92 105 59 64 102 52 97 53 88 68 33 82 39 56 0 52 59 77 69 56 73 89 89 63 47 44 31 18 58 62 80 46 99 77 36 24 54 39 53 34 80 80 88 105 86 38 67 33 51 43 46 65 48 62 59 63 79 36 55 111 88 90 99 84 25 38 27 10 33 103 68 104 6 53 33 52 58 89 39 28 46 69 59 91
84 85 95 89 85 63 85 95 81 54 38 63 89 67 87 27 68 88 84 19 80 0 109 65 106 94 20 108 72 77 52 0 82 69 59 89 82 83 102 69 6 50 82 60 32 89 49 8 74 53 86 39 57 90 54 45 62 96 111 82 94 58 53 21 18 57 74 60 91 58 62 59 55 17 9 90 61 107 96 99 73 34 79 62 33 89 102 89 50 66 56 56 65 94 33 67 18 56 92 81
51 30 32 46 13 53 3 13 45 67 45 53 54 48 22 75 68 68 3 80 72 82 38 20 29 11 67 25 22 5 59 82 0 44 44 15 22 47 31 24 81 33 52 41 61 8 71 82 74 61 50 47 30 56 32 37 56 21 30 76 31 26 48 64 68 26 14 37 34 36 29 37 62 76 90 78 70 31 51 25 45 48 58 55 50 64 24 66 54 18 29 29 23 37 49 33 65 47 16 52
16 22 32 84 35 10 45 53 13 27 40 10 21 76 30 48 24 28 47 57 28 69 47 29 49 51 64 60 56 40 77 69 44 0 10 59 26 15 41 20 71 33 86 65 37 51 34 73 30 22 86 54 24 93 25 43 14 41 58 33 32 42 15 61 51 36 50 12 75 15 19 14 22 72 77 36 27 49 28 43 76 43 89 79 48 25 67 27 71 31 47 26 24 28 43 62 52 13 60 14
26 29 40 80 38 11 46 55 23 23 31 11 31 69 35 39 26 36 47 47 33 59 55 26 55 53 54 64 52 39 69 59 44 10 0 58 30 25 48 20 61 26 81 59 27 52 28 63 33 17 82 45 18 88 18 35 13 46 63 37 39 36 6 51 40 31 47 7 73 9 16 8 18 62 67 42 26 56 38 48 71 34 83 72 39 34 68 36 63 28 40 20 21 37 33 57 42 4 60 24
66 45 46 33 28 67 15 14 61 81 53 67 69 41 36 85 83 84 12 89 87 89 48 32 38 16 71 26 18 19 56 89 15 59 58 0 37 62 43 39 87 42 41 38 71 10 84 87 89 75 38 51 42 44 44 43 70 33 34 91 45 31 61 69 76 34 14 51 20 49 43 51 76 80 95 93 84 40 66 36 36 56 48 49 56 79 14 82 52 30 33 41 37 51 56 28 72 61 4 68
30 8 14 67 10 36 22 28 24 53 47 36 32 66 5 68 50 47 25 75 52 82 27 20 24 26 72 34 41 20 73 82 22 26 30 37 0 25 19 14 83 34 72 57 55 28 58 84 55 47 71 55 26 77 28 43 39 15 33 56 13 35 36 69 65 31 33 25 56 26 21 26 48 81 91 57 53 26 29 18 64 50 77 71 54 43 43 45 67 20 40 27 17 16 51 51 65 34 37 31
4 18 24 91 35 22 47 53 2 38 54 22 8 85 28 62 30 22 50 71 28 83 38 37 42 51 78 57 63 44 89 83 47 15 25 62 25 0 33 27 86 45 94 76 52 53 45 87 33 35 94 67 35 100 37 55 25 36 53 32 24 52 30 75 65 47 56 25 80 28 29 27 34 87 92 32 36 42 13 37 85 57 98 90 62 17 68 20 83 38 57 37 32 18 57 71 67 28 62 7
37 19 9 76 20 51 30 30 34 68 66 51 37 79 15 86 63 53 33 94 61 102 8 39 9 28 91 26 53 33 89 102 31 41 48 43 19 33 0 33 102 53 83 72 74 33 75 104 67 64 81 73 45 87 48 62 55 10 21 65 9 52 54 88 85 49 45 43 63 45 40 45 64 100 110 63 68 9 29 7 76 69 89 86 73 48 42 50 83 38 57 46 37 15 70 64 84 52 41 40
31 17 27 64 18 29 26 35 25 43 33 29 35 59 18 55 44 47 27 62 48 69 40 10 38 33 59 44 37 20 63 69 24 20 20 39 14 27 33 0 69 21 68 49 41 32 48 71 50 37 67 43 12 74 15 31 31 28 45 53 26 25 25 55 52 20 30 13 55 13 7 14 38 67 77 56 45 39 36 31 58 37 72 63 41 43 48 45 57 11 30 14 5 27 37 44 51 23 40 31
87 86 96 85 85 66 84 94 84 59 37 66 92 63 88 32 72 92 83 25 84 6 110 65 106 93 16 107 70 76 47 6 81 71 61 87 83 86 102 69 0 50 77 56 35 88 53 2 79 57 82 36 57 85 55 44 65 96 110 87 95 56 56 18 21 56 72 62 88 60 63 60 59 11 9 94 66 107 98 100 69 33 74 57 31 92 100 93 45 66 54 56 66 95 33 63 19 58 90 84
48 39 48 56 35 36 36 45 43 43 13 36 53 44 38 43 50 61 35 48 59 50 61 15 56 44 38 58 30 27 44 50 33 33 26 42 34 45 53 21 50 0 56 33 29 40 45 51 58 38 57 22 10 63 9 10 37 46 61 63 47 12 26 34 35 8 28 21 52 18 16 19 39 47 58 68 49 58 56 50 46 16 58 46 20 59 55 60 38 16 15 8 17 49 17 32 33 26 45 47
98 80 84 12 65 92 53 55 93 99 58 92 102 15 73 91 106 114 50 91 114 82 89 57 79 57 62 67 31 52 31 82 52 86 81 41 72 94 83 68 77 56 0 24 80 51 100 77 114 93 6 46 63 8 63 49 93 73 75 118 83 45 82 61 77 50 39 75 25 72 67 74 95 67 86 122 105 81 102 76 10 59 8 21 56 111 49 113 32 56 41 61 63 89 60 24 72 82 44 99
79 64 71 29 52 69 44 50 74 75 34 69 84 11 59 67 83 93 41 67 92 60 79 39 71 50 40 63 20 39 18 60 41 65 59 38 57 76 72 49 56 33 24 0 56 44 76 56 91 70 27 22 42 32 41 25 71 62 70 96 70 24 59 39 53 29 27 54 32 51 47 52 72 47 65 101 81 73 85 66 14 35 25 14 32 91 50 93 14 38 19 39 44 74 36 9 48 59 41 79
52 55 66 83 59 31 63 73 50 25 22 31 57 66 60 14 38 57 63 21 50 32 81 41 79 72 33 85 59 55 58 32 61 37 27 71 55 52 74 41 35 29 80 56 0 69 22 37 45 22 83 35 31 88 29 32 30 69 86 53 65 41 22 30 14 37 57 30 80 29 34 29 25 39 40 60 32 80 65 72 70 21 80 65 25 57 84 58 53 43 42 31 39 64 20 58 17 24 74 49
57 35 36 43 18 61 6 6 52 75 52 61 60 49 26 83 76 75 5 88 79 89 38 28 28 6 74 20 24 13 62 89 8 51 52 10 28 53 33 32 88 40 51 44 69 0 79 89 82 69 48 53 38 54 40 44 64 22 26 83 35 32 56 71 75 33 17 45 30 44 37 45 70 82 97 85 77 30 56 26 45 55 57 57 57 70 16 73 57 26 35 37 31 41 56 35 72 55 9 59
44 56 66 101 66 24 73 83 44 7 42 24 48 86 63 22 21 42 74 31 32 49 81 52 82 81 54 92 75 66 80 49 71 34 28 84 58 45 75 48 53 45 100 76 22 79 0 56 26 11 102 56 42 107 40 51 21 73 91 34 65 57 23 52 34 52 72 35 96 35 42 34 11 60 56 42 13 83 57 76 89 42 100 86 47 44 95 44 75 54 60 43 48 62 41 77 38 25 86 40
88 87 97 84 86 68 85 94 85 61 38 68 93 62 89 34 74 94 83 27 86 8 111 66 107 93 16 107 70 77 46 8 82 73 63 87 84 87 104 71 2 51 77 56 37 89 56 0 81 59 81 36 59 84 56 45 67 97 111 89 97 57 58 18 23 57 73 64 87 61 64 62 61 10 9 97 68 108 100 101 68 34 73 56 32 94 100 95 44 67 54 57 67 97 34 63 21 60 90 86
30 50 57 113 65 22 76 84 33 20 60 22 31 102 59 48 8 19 77 57 8 74 71 59 75 81 78 89 85 70 99 74 74 30 33 89 55 33 67 50 79 58 114 91 45 82 26 81 0 23 115 75 51 121 51 67 21 69 86 8 57 69 33 75 58 64 80 39 105 42 48 40 21 84 82 16 13 76 42 70 104 62 116 103 67 23 98 22 93 60 73 53 53 52 61 90 63 32 90 26
34 45 55 94 55 13 63 72 33 6 38 13 38 81 52 28 16 35 64 38 27 53 70 42 71 70 55 81 67 56 77 53 61 22 17 75 47 35 64 37 57 38 93 70 22 69 11 59 23 0 95 52 33 101 32 45 10 62 80 30 54 50 13 52 36 44 63 24 88 25 32 24 2 61 61 38 11 72 47 65 83 39 95 81 44 36 85 36 71 44 53 34 38 51 38 70 40 14 76 31
98 79 82 6 63 92 51 52 92 101 61 92 102 19 72 94 107 114 48 95 114 86 86 57 76 54 66 63 30 51 36 86 50 86 82 38 71 94 81 67 82 57 6 27 83 48 102 81 115 95 0 49 64 6 64 51 94 70 71 119 81 45 83 65 81 51 38 75 20 73 67 74 97 71 90 122 106 78 100 74 13 62 13 26 59 110 45 112 37 56 42 62 63 87 63 25 75 83 41 98
70 60 69 51 54 55 50 59 65 57 15 55 75 31 59 45 67 81 48 45 78 39 81 35 75 58 21 73 34 43 24 39 47 54 45 51 55 67 73 43 36 22 46 22 35 53 56 36 75 52 49 0 32 54 30 12 56 65 77 81 68 22 43 18 31 24 37 42 52 39 38 40 55 29 45 87 64 77 78 69 36 14 45 30 10 79 64 81 18 35 18 30 38 70 15 28 26 45 54 68
38 29 39 62 28 29 32 42 33 39 21 29 43 52 30 45 44 52 33 51 51 57 52 10 49 40 46 53 34 25 54 57 30 24 18 42 26 35 45 12 57 10 63 42 31 38 42 59 51 33 64 32 0 70 3 20 31 39 55 55 38 18 20 43 40 13 30 12 55 9 6 11 34 55 65 60 43 50 46 43 53 25 66 55 29 49 53 51 47 12 23 2 8 39 25 39 39 20 44 38
104 85 89 11 69 98 57 58 99 107 66 98 108 23 78 99 113 120 54 99 121 90 92 64 82 59 70 68 37 57 39 90 56 93 88 44 77 100 87 74 85 63 8 32 88 54 107 84 121 101 6 54 70 0 70 57 100 76 77 125 88 52 89 69 85 57 44 82 25 79 74 80 103 75 94 129 112 84 107 80 18 67 13 28 64 117 50 119 40 62 48 68 69 93 68 31 80 89 46 105
40 32 42 63 31 28 35 45 35 38 19 28 44 52 33 43 43 52 35 49 51 54 55 13 52 43 44 56 35 27 53 54 32 25 18 44 28 37 48 15 55 9 63 41 29 40 40 56 51 32 64 30 3 70 0 19 30 42 58 55 41 19 19 41 37 13 31 13 56 9 8 11 33 53 62 60 42 53 48 45 53 22 66 54 26 50 56 52 46 15 23 3 11 41 22 39 36 19 46 39
58 48 57 51 42 45 40 50 53 50 10 45 63 36 47 44 59 71 39 47 68 45 69 23 64 49 30 63 28 33 34 45 37 43 35 43 43 55 62 31 44 10 49 25 32 44 51 45 67 45 51 12 20 57 19 0 46 54 67 72 56 12 34 27 33 13 29 31 49 28 26 29 47 39 53 77 56 65 66 58 39 12 50 37 13 69 57 70 28 24 11 18 26 58 13 27 29 35 47 57
24 36 46 92 48 3 57 66 23 14 41 3 28 81 44 38 13 27 59 47 22 62 60 39 62 64 61 74 65 51 80 62 56 14 13 70 39 25 55 31 65 37 93 71 30 64 21 67 21 10 94 56 31 100 30 46 0 54 72 26 45 49 12 58 44 43 60 19 85 21 28 20 9 68 70 32 14 63 37 56 83 43 96 83 48 27 80 28 73 40 52 32 34 41 42 69 47 11 71 21
41 19 14 65 11 51 19 20 36 68 59 51 42 69 10 83 64 58 23 90 64 96 17 31 10 18 83 20 43 23 80 96 21 41 46 33 15 36 10 28 96 46 73 62 69 22 73 97 69 62 70 65 39 76 42 54 54 0 18 69 14 43 51 80 79 41 35 40 52 40 35 41 63 92 104 68 68 12 36 4 66 62 79 76 66 53 33 55 74 30 48 40 30 21 63 54 78 49 31 43
57 36 29 66 27 69 27 20 53 85 74 69 58 75 28 100 82 74 30 106 81 111 21 46 11 20 97 9 50 34 88 111 30 58 63 34 33 53 21 45 110 61 75 70 86 26 91 111 86 80 71 77 55 77 58 67 72 18 0 85 29 55 69 94 95 55 43 57 52 58 52 58 80 106 119 84 86 12 50 16 70 77 82 83 80 69 28 71 83 45 59 55 47 35 78 61 93 67 31 60
28 50 56 117 66 27 77 84 32 28 66 27 28 107 59 56 15 13 79 65 4 82 68 62 74 82 85 89 89 72 105 82 76 33 37 91 56 32 65 53 87 63 118 96 53 83 34 89 8 30 119 81 55 125 55 72 26 69 85 0 56 74 38 83 66 68 83 43 108 46 51 45 28 92 90 8 21 74 38 69 108 68 121 109 73 18 99 17 99 64 78 57 56 50 68 94 70 37 92 25
28 10 1 77 18 42 31 33 24 59 59 42 29 78 10 78 53 45 34 86 52 94 16 33 18 31 85 34 52 31 86 94 31 32 39 45 13 24 9 26 95 47 83 70 65 35 65 97 57 54 81 68 38 88 41 56 45 14 29 56 0 48 45 81 77 44 44 35 65 36 33 36 54 93 103 55 58 18 22 13 76 63 89 84 67 40 47 42 80 33 53 40 30 7 63 63 77 43 44 31
55 41 49 44 32 47 28 37 50 56 21 47 60 34 38 54 62 70 27 58 69 58 60 15 53 37 42 51 18 21 38 58 26 42 36 31 35 52 52 25 56 12 45 24 41 32 57 57 69 50 45 22 18 52 19 12 49 43 55 74 48 0 37 39 45 6 17 30 39 28 23 29 51 50 65 78 60 55 61 47 35 24 48 38 25 67 45 69 32 15 5 16 20 51 25 21 41 37 34 55
31 35 45 81 43 12 50 59 28 19 29 12 36 69 41 33 25 38 51 42 34 53 60 29 60 58 50 69 54 43 67 53 48 15 6 61 36 30 54 25 56 26 82 59 22 56 23 58 33 13 83 43 20 89 19 34 12 51 69 38 45 37 0 47 35 32 50 11 75 12 19 11 15 58 62 44 23 61 43 54 71 31 84 71 36 37 72 39 61 31 41 22 25 43 30 58 37 2 63 28
77 72 82 68 69 59 67 76 73 55 22 59 82 46 73 35 68 85 66 32 79 21 95 49 90 76 3 90 52 60 33 21 64 61 51 69 69 75 88 55 18 34 61 39 30 71 52 18 75 52 65 18 43 69 41 27 58 80 94 83 81 39 47 0 20 39 55 50 70 48 49 48 54 12 27 90 63 92 88 84 52 19 59 42 15 85 82 86 29 50 36 42 51 82 18 46 14 49 72 75
66 67 78 82 69 45 70 80 63 38 23 45 71 62 70 15 52 71 70 14 64 18 92 49 89 79 21 93 61 62 51 18 68 51 40 76 65 65 85 52 21 35 77 53 14 75 34 23 58 36 81 31 40 85 37 33 44 79 95 66 77 45 35 20 0 42 62 43 82 40 45 41 38 26 27 74 45 91 78 83 68 21 76 59 22 71 89 72 47 51 44 40 49 76 20 58 6 38 79 63
50 37 45 50 30 41 28 38 45 50 19 41 55 39 35 51 56 64 27 55 64 57 57 11 51 37 42 51 23 21 43 57 26 36 31 34 31 47 49 20 56 8 50 29 37 33 52 57 64 44 51 24 13 57 13 13 43 41 55 68 44 6 32 39 42 0 20 25 44 22 17 23 46 51 64 72 55 53 57 45 40 23 53 43 25 62 47 64 36 11 10 11 15 47 24 26 40 32 37 50
60 41 45 35 26 57 16 23 54 69 38 57 64 34 34 71 72 77 13 75 78 74 52 21 43 23 57 37 8 13 46 74 14 50 47 14 33 56 45 30 72 28 39 27 57 17 72 73 80 63 38 37 30 44 31 29 60 35 43 83 44 17 50 55 62 20 0 40 25 38 32 40 64 66 81 86 73 45 62 39 31 41 45 41 42 73 28 75 40 19 19 28 26 49 42 19 58 49 17 61
27 25 35 73 31 17 39 48 23 30 29 17 32 64 30 43 32 40 40 51 39 60 50 19 49 46 53 57 46 32 65 60 37 12 7 51 25 25 43 13 62 21 75 54 30 45 35 64 39 24 75 42 12 82 13 31 19 40 57 43 35 30 11 50 43 25 40 0 66 3 9 2 25 62 69 48 33 50 37 43 65 32 78 67 37 38 61 39 59 21 35 14 14 34 32 51 43 10 52 26
85 64 65 14 47 83 34 33 79 94 59 83 88 30 55 93 98 101 31 96 104 91 68 47 57 35 72 43 21 36 48 91 34 75 73 20 56 80 63 55 88 52 25 32 80 30 96 87 105 88 20 52 55 25 56 49 85 52 52 108 65 39 75 70 82 44 25 66 0 64 57 65 89 79 97 111 98 59 85 55 24 61 32 39 60 97 25 100 46 45 38 53 52 71 62 24 77 75 22 86
31 27 37 71 31 19 38 48 26 31 26 19 36 61 31 42 34 43 39 50 42 58 52 17 50 46 51 57 43 31 62 58 36 15 9 49 26 28 45 13 60 18 72 51 29 44 35 61 42 25 73 39 9 79 9 28 21 40 58 46 36 28 12 48 40 22 38 3 64 0 7 1 26 59 67 50 34 51 40 44 62 29 75 64 34 41 60 42 56 19 32 11 13 36 29 48 41 11 51 29
33 23 34 65 25 25 31 41 28 38 27 25 37 57 25 48 41 47 32 55 47 62 47 11 45 39 52 51 37 24 59 62 29 19 16 43 21 29 40 7 63 16 67 47 34 37 42 64 48 32 67 38 6 74 8 26 28 35 52 51 33 23 19 49 45 17 32 9 57 7 0 8 33 61 70 55 41 46 40 38 57 30 70 60 35 44 53 46 53 13 28 8 6 33 31 43 44 18 44 32
29 26 37 72 32 18 39 48 25 30 27 18 34 62 31 42 33 42 40 49 40 59 52 19 50 47 51 58 45 32 63 59 37 14 8 51 26 27 45 14 60 19 74 52 29 45 34 62 40 24 74 40 11 80 11 29 20 41 58 45 36 29 11 48 41 23 40 2 65 1 8 0 25 60 67 49 33 51 39 44 64 30 76 65 35 39 61 41 57 21 33 13 14 35 30 50 41 10 52 28
33 45 55 96 56 12 64 73 33 5 40 12 37 83 52 30 14 33 65 39 25 55 69 44 71 71 57 81 69 57 79 55 62 22 18 76 48 34 64 38 59 39 95 72 25 70 11 61 21 2 97 55 34 103 33 47 9 63 80 28 54 51 15 54 38 46 64 25 89 26 33 25 0 64 63 36 9 72 46 65 85 41 97 83 46 34 86 35 73 46 55 36 39 50 40 72 42 15 77 29
88 84 94 75 81 69 79 88 85 64 34 69 93 52 85 40 77 96 77 34 89 17 107 61 102 87 9 101 62 71 36 17 76 72 62 80 81 87 100 67 11 47 67 47 39 82 60 10 84 61 71 29 55 75 53 39 68 92 106 92 93 50 58 12 26 51 66 62 79 59 61 60 64 0 19 99 71 104 99 96 59 31 63 46 27 95 93 96 35 62 47 54 63 94 30 55 22 60 83 86
92 93 104 93 93 72 93 102 90 62 45 72 97 71 95 34 76 96 92 25 88 9 118 73 114 101 25 115 79 85 55 9 90 77 67 95 91 92 110 77 9 58 86 65 40 97 56 9 82 61 90 45 65 94 62 53 70 104 119 90 103 65 62 27 27 64 81 69 97 67 70 67 63 19 0 98 69 115 105 108 78 42 82 65 40 97 109 98 54 74 63 64 74 102 41 72 26 64 99 90
28 50 55 120 67 32 79 85 33 36 72 32 26 112 59 64 22 10 81 73 10 90 66 65 73 83 92 88 92 75 111 90 78 36 42 93 57 32 63 56 94 68 122 101 60 85 42 97 16 38 122 87 60 129 60 77 32 68 84 8 55 78 44 90 74 72 86 48 111 50 55 49 36 99 98 0 29 72 35 68 112 74 125 114 80 15 100 13 105 67 82 62 60 49 74 98 77 43 93 25
34 49 59 105 62 17 71 80 35 7 49 17 37 92 58 35 8 29 73 44 19 61 73 52 76 78 65 87 77 65 88 61 70 27 26 84 53 36 68 45 66 49 105 81 32 77 13 68 13 11 106 64 43 112 42 56 14 68 86 21 58 60 23 63 45 55 73 33 98 34 41 33 9 71 69 29 0 76 47 70 94 50 106 93 55 31 93 31 82 54 64 45 47 54 49 81 50 23 85 30
46 27 18 73 23 60 29 26 42 77 70 60 46 79 21 93 72 62 32 101 70 107 9 43 2 25 95 19 53 34 90 107 31 49 56 40 26 42 9 39 107 58 81 73 80 30 83 108 76 72 78 77 50 84 53 65 63 12 12 74 18 55 61 92 91 53 45 50 59 51 46 51 72 104 115 72 76 0 38 8 75 74 88 86 77 57 37 59 85 42 59 51 42 24 75 64 89 59 38 49
13 22 21 97 38 35 51 55 15 50 66 35 10 94 30 75 40 25 54 84 35 96 31 46 38 53 91 55 70 50 99 96 51 28 38 66 29 13 29 36 98 56 102 85 65 56 57 100 42 47 100 78 46 107 48 66 37 36 50 38 22 61 43 88 78 57 62 37 85 40 40 39 46 99 105 35 47 38 0 35 93 69 106 99 74 20 69 22 93 47 66 48 41 15 69 79 80 40 65 17
41 20 14 69 15 53 23 22 37 70 63 53 42 73 13 86 66 58 26 93 65 99 13 35 6 21 87 20 47 27 84 99 25 43 48 36 18 37 7 31 100 50 76 66 72 26 76 101 70 65 74 69 43 80 45 58 56 4 16 69 13 47 54 84 83 45 39 43 55 44 38 44 65 96 108 68 70 8 35 0 70 66 83 80 69 53 35 55 78 34 52 43 34 20 67 58 82 52 34 44
89 72 77 16 57 81 47 50 83 89 48 81 93 7 65 81 96 104 43 81 104 73 83 48 73 51 53 63 23 44 25 73 45 76 71 36 64 85 76 58 69 46 10 14 70 45 89 68 104 83 13 36 53 18 53 39 83 66 70 108 76 35 71 52 68 40 31 65 24 62 57 64 85 59 78 112 94 75 93 70 0 49 13 16 46 101 46 103 24 47 31 51 54 80 50 14 62 72 39 89
59 54 64 63 51 42 51 61 55 43 4 42 64 45 55 32 54 69 50 34 64 34 77 31 72 60 22 74 41 43 38 34 48 43 34 56 50 57 69 37 33 16 59 35 21 55 42 34 62 39 62 14 25 67 22 12 43 62 77 68 63 24 31 19 21 23 41 32 61 29 30 30 41 31 42 74 50 74 69 66 49 0 59 44 5 68 69 69 33 33 24 23 33 64 1 38 17 32 59 57
102 85 90 19 71 94 59 62 97 100 59 94 107 14 79 90 108 117 56 89 117 79 96 61 86 63 59 74 36 58 27 79 58 89 83 48 77 98 89 72 74 58 8 25 80 57 100 73 116 95 13 45 66 13 66 50 96 79 82 121 89 48 84 59 76 53 45 78 32 75 70 76 97 63 82 125 106 88 106 83 13 59 0 17 55 114 57 116 29 60 43 64 67 94 60 27 70 84 51 102
93 78 85 31 66 82 57 62 88 86 44 82 98 9 74 74 96 107 54 73 105 62 93 53 84 63 42 76 33 53 10 62 55 79 72 49 71 90 86 63 57 46 21 14 65 57 86 56 103 81 26 30 55 28 54 37 83 76 83 109 84 38 71 42 59 43 41 67 39 64 60 65 83 46 65 114 93 86 99 80 16 44 17 0 39 104 61 106 12 52 33 53 58 88 45 22 54 72 53 93
64 58 68 60 54 48 53 62 60 48 8 48 69 41 58 35 59 74 52 36 70 33 81 34 75 62 18 76 40 45 33 33 50 48 39 56 54 62 73 41 31 20 56 32 25 57 47 32 67 44 59 10 29 64 26 13 48 66 80 73 67 25 36 15 22 25 42 37 60 34 35 35 46 27 40 80 55 77 74 69 46 5 55 39 0 73 69 74 28 36 23 27 36 68 6 36 17 38 59 63
13 35 40 107 52 26 65 71 19 37 65 26 11 101 45 64 24 5 67 73 15 89 51 53 57 68 87 73 80 61 103 89 64 25 34 79 43 17 48 43 92 59 111 91 57 70 44 94 23 36 110 79 49 117 50 69 27 53 69 18 40 67 37 85 71 62 73 38 97 41 44 39 34 95 97 15 31 57 20 53 101 68 114 104 73 0 85 2 96 55 72 51 48 33 67 87 74 36 79 12
72 50 48 39 33 77 22 14 67 91 66 77 74 52 40 98 91 90 21 102 94 102 46 43 35 17 85 19 31 29 68 102 24 67 68 14 43 68 42 48 100 55 49 50 84 16 95 100 98 85 45 64 53 50 56 57 80 33 28 99 47 45 72 82 89 47 28 61 25 60 53 61 86 93 109 100 93 37 69 35 46 69 57 61 69 85 0 87 64 41 46 53 47 54 70 41 86 71 10 74
15 38 42 110 55 27 67 73 21 37 67 27 13 103 47 65 24 3 69 74 14 89 53 55 60 71 89 75 82 63 104 89 66 27 36 82 45 20 50 45 93 60 113 93 58 73 44 95 22 36 112 81 51 119 52 70 28 55 71 17 42 69 39 86 72 64 75 39 100 42 46 41 35 96 98 13 31 59 22 55 103 69 116 106 74 2 87 0 98 57 74 53 50 36 69 89 75 37 82 14
86 73 81 40 63 73 56 63 81 76 33 73 90 17 70 62 86 98 54 60 95 50 91 47 83 63 30 77 34 51 6 50 54 71 63 52 67 83 83 57 45 38 32 14 53 57 75 44 93 71 37 18 47 40 46 28 73 74 83 99 80 32 61 29 47 36 40 59 46 56 53 57 73 35 54 105 82 85 93 78 24 33 29 12 28 96 64 98 0 47 27 45 52 83 33 24 41 62 55 85
42 26 34 53 19 38 20 30 37 50 29 38 46 47 24 57 53 58 20 63 59 66 46 2 40 29 53 42 25 12 53 66 18 31 28 30 20 38 38 11 66 16 56 38 43 26 54 67 60 44 56 35 12 62 15 24 40 30 45 64 33 15 31 50 51 11 19 21 45 19 13 21 46 62 74 67 54 42 47 34 47 33 60 52 36 55 41 57 47 0 20 12 7 36 33 33 49 31 32 43
60 46 54 41 37 51 32 40 55 59 21 51 65 29 43 55 65 75 30 58 74 56 64 20 57 40 39 54 17 25 33 56 29 47 40 33 40 57 57 30 54 15 41 19 42 35 60 54 73 53 42 18 23 48 23 11 52 48 59 78 53 5 41 36 44 10 19 35 38 32 28 33 55 47 63 82 64 59 66 52 31 24 43 33 23 72 46 74 27 20 0 21 25 56 25 17 40 41 36 60
40 31 40 60 29 31 32 42 35 41 20 31 45 50 31 45 45 54 32 51 53 56 54 10 50 40 45 53 33 24 52 56 29 26 20 41 27 37 46 14 56 8 61 39 31 37 43 57 53 34 62 30 2 68 3 18 32 40 55 57 40 16 22 42 40 11 28 14 53 11 8 13 36 54 64 62 45 51 48 43 51 23 64 53 27 51 53 53 45 12 21 0 9 41 24 37 38 21 43 40
36 22 31 60 20 31 25 35 30 44 29 31 40 54 22 53 46 51 26 60 52 65 44 6 40 33 54 45 33 18 58 65 23 24 21 37 17 32 37 5 66 17 63 44 39 31 48 67 53 38 63 38 8 69 11 26 34 30 47 56 30 20 25 51 49 15 26 14 52 13 6 14 39 63 74 60 47 42 41 34 54 33 67 58 36 48 47 50 52 7 25 9 0 32 33 39 48 24 38 36
22 10 6 83 24 38 36 40 19 55 60 38 22 82 15 76 48 38 39 84 46 94 19 36 24 38 85 40 57 36 89 94 37 28 37 51 16 18 15 27 95 49 89 74 64 41 62 97 52 51 87 70 39 93 41 58 41 21 35 50 7 51 43 82 76 47 49 34 71 36 33 35 50 94 102 49 54 24 15 20 80 64 94 88 68 33 54 36 83 36 56 41 32 0 64 67 76 40 50 25
59 54 64 64 52 42 52 62 55 43 4 42 64 46 55 31 53 69 51 33 64 33 77 32 73 61 22 75 42 44 39 33 49 43 33 56 51 57 70 37 33 17 60 36 20 56 41 34 61 38 63 15 25 68 22 13 42 63 78 68 63 25 30 18 20 24 42 32 62 29 31 30 40 30 41 74 49 75 69 67 50 1 60 45 6 67 70 69 33 33 25 24 33 64 0 39 16 32 60 57
75 58 64 25 45 67 35 41 69 76 36 67 79 15 52 70 82 90 32 72 90 67 71 34 62 41 48 54 11 31 28 67 33 62 57 28 51 71 64 44 63 32 24 9 58 35 77 63 90 70 25 28 39 31 39 27 69 54 61 94 63 21 58 46 58 26 19 51 24 48 43 50 72 55 72 98 81 64 79 58 14 38 27 22 36 87 41 89 24 33 17 37 39 67 39 0 53 58 32 75
68 67 78 77 67 48 68 78 65 42 20 48 73 57 69 21 56 74 67 19 67 18 92 47 88 77 16 90 57 60 46 18 65 52 42 72 65 67 84 51 19 33 72 48 17 72 38 21 63 40 75 26 39 80 36 29 47 78 93 70 77 41 37 14 6 40 58 43 77 41 44 41 42 22 26 77 50 89 80 82 62 17 70 54 17 74 86 75 41 49 40 38 48 76 16 53 0 39 76 65
28 33 43 81 41 10 49 58 26 20 30 10 33 70 39 35 24 37 50 44 33 56 58 29 58 56 52 67 54 42 69 56 47 13 4 61 34 28 52 23 58 26 82 59 24 55 25 60 32 14 83 45 20 89 19 35 11 49 67 37 43 37 2 49 38 32 49 10 75 11 18 10 15 60 64 43 23 59 40 52 72 32 84 72 38 36 71 37 62 31 41 21 24 40 32 58 39 0 62 26
66 44 45 35 27 69 15 12 61 82 56 69 69 45 35 88 84 84 13 92 87 92 46 34 36 13 75 23 21 20 59 92 16 60 60 4 37 62 41 40 90 45 44 41 74 9 86 90 90 76 41 54 44 46 46 47 71 31 31 92 44 34 63 72 79 37 17 52 22 51 44 52 77 83 99 93 85 38 65 34 39 59 51 53 59 79 10 82 55 32 36 43 38 50 60 32 76 62 0 68
4 25 31 95 41 18 53 60 7 33 55 18 8 89 34 59 24 16 56 68 21 81 44 41 49 58 78 64 68 49 91 81 52 14 24 68 31 7 40 31 84 47 99 79 49 59 40 86 26 31 98 68 38 105 39 57 21 43 60 25 31 55 28 75 63 50 61 26 86 29 32 28 29 86 90 25 30 49 17 44 89 57 102 93 63 12 74 14 85 43 60 40 36 25 57 75 65 26 68 0
