0 95 90 68 25 81 28 39 83 62 17 94 43 27 36 81 100 25 42 30 80 56 66 93 7 79 89 112 84 51 10 52 90 108 37 77 54 97 66 29 101 75 77 18 80 86 52 74 82 23 103 102 52 54 101 27 65 45 96 66 29 26 81 7 53 23 68 73 63 68 22 82 66 78 95 97 59 90 63 34 39 74 110 18 105 60 57 7 30 42 31 72 69 82 62 98 62 101 86 74
95 0 16 29 74 15 79 57 68 41 84 52 56 69 59 29 29 89 53 69 37 50 30 65 93 54 72 22 58 47 87 44 92 32 76 88 80 9 54 72 11 60 62 91 28 10 60 27 56 87 16 38 55 45 24 75 54 65 11 43 81 81 15 100 49 77 28 38 63 54 75 23 29 47 6 19 53 24 32 75 62 65 40 84 41 43 57 93 79 53 70 36 41 79 63 25 35 26 46 49
90 16 0 23 72 21 79 55 79 46 81 66 56 64 56 40 45 88 49 67 21 55 25 77 89 65 84 37 42 48 81 42 102 49 78 96 85 25 62 64 27 70 46 89 13 20 65 17 67 87 33 53 44 46 40 74 62 68 27 30 81 72 14 96 51 70 29 24 70 62 72 9 27 58 11 7 40 8 32 65 62 75 56 77 57 48 44 89 70 49 70 22 49 89 70 41 36 42 58 34
68 29 23 0 49 18 56 32 67 29 58 59 34 41 33 33 47 66 26 45 24 36 4 68 66 53 72 50 43 27 59 19 88 53 56 80 65 34 46 43 38 57 43 66 17 22 45 8 56 64 42 53 26 25 45 51 46 47 34 19 58 52 14 73 31 48 13 19 53 47 49 16 7 47 28 30 27 25 12 45 40 60 59 55 57 30 30 66 50 26 47 16 35 75 52 43 17 45 50 30
25 74 72 49 0 59 9 17 59 37 10 68 18 19 16 56 75 17 24 5 67 31 47 68 21 54 65 89 77 27 22 31 70 83 16 57 34 74 41 28 78 51 72 17 64 64 27 57 57 15 80 76 43 30 77 4 40 20 72 54 12 32 61 28 28 25 46 60 38 43 4 65 46 52 74 79 51 74 42 36 14 50 85 28 80 35 50 21 35 23 6 58 44 60 37 74 39 76 61 65
81 15 21 18 59 0 64 42 58 27 69 46 41 56 45 19 29 74 39 54 35 36 17 57 78 44 63 32 57 32 73 29 81 35 62 76 66 16 41 60 21 49 59 76 26 5 46 20 46 73 24 36 45 30 26 60 41 51 16 36 66 69 9 86 34 64 13 34 50 41 60 22 16 37 17 27 45 28 18 63 47 54 41 71 40 29 48 78 67 39 56 31 28 68 50 25 20 27 37 45
28 79 79 56 9 64 0 25 55 40 11 67 23 28 24 58 77 10 32 12 76 32 53 65 22 52 61 93 86 32 28 37 63 85 9 50 27 79 39 37 83 48 81 14 72 69 25 64 55 9 84 77 52 35 80 5 39 18 77 62 2 40 67 29 31 34 52 69 35 42 13 72 52 52 80 86 60 81 48 45 17 46 86 35 80 38 60 22 44 31 9 66 45 54 34 76 45 79 60 74
39 57 55 32 17 42 25 0 57 24 27 60 9 17 3 43 62 34 8 13 51 22 29 63 36 48 63 74 63 13 32 13 73 70 27 62 41 58 35 25 62 47 59 34 47 47 25 39 51 32 64 64 30 16 63 20 34 22 57 38 27 33 43 44 17 26 29 44 37 37 18 47 28 44 57 61 37 56 25 33 11 48 72 33 68 24 38 36 34 6 16 41 33 61 36 60 23 62 52 50
83 68 79 67 59 58 55 57 0 39 66 22 48 73 59 39 46 61 62 56 90 35 63 11 77 14 6 68 109 47 81 55 23 51 46 23 33 62 22 81 64 10 108 68 81 60 33 74 13 62 61 40 83 46 52 56 23 39 59 84 55 89 66 84 41 81 54 86 21 21 63 78 59 21 73 85 88 85 55 89 48 9 47 86 41 38 90 77 90 60 53 82 32 12 22 48 50 50 23 96
62 41 46 29 37 27 40 24 39 0 47 37 19 41 28 19 38 49 26 32 52 9 25 42 57 27 45 53 71 11 55 17 59 46 35 52 39 40 18 49 43 29 69 53 45 31 19 36 30 48 44 40 45 9 40 37 17 24 37 45 41 57 33 65 8 51 17 47 25 18 39 43 22 21 44 53 50 51 16 55 23 32 48 57 44 2 51 57 57 25 32 44 9 47 24 37 11 40 28 57
17 84 81 58 10 69 11 27 66 47 0 77 28 23 25 66 85 11 33 15 75 40 56 75 11 62 72 99 83 37 17 40 74 93 20 61 37 84 49 30 88 58 77 8 73 74 35 66 65 9 90 86 49 40 87 10 48 28 82 61 12 32 70 19 38 26 56 68 45 51 9 74 55 61 84 88 57 83 51 38 23 57 94 26 89 45 56 11 35 32 15 66 53 65 44 83 49 86 70 72
94 52 66 59 68 46 67 60 22 37 77 0 53 78 64 27 26 75 63 64 80 39 56 13 88 15 23 48 102 48 90 54 43 30 59 44 50 44 28 85 46 21 102 81 71 46 42 64 13 75 42 19 81 46 33 67 29 49 41 78 67 94 54 96 43 87 46 78 33 25 72 67 53 16 58 71 84 73 49 92 55 25 25 93 19 37 87 88 94 62 62 74 28 33 34 29 45 30 9 89
43 56 56 34 18 41 23 9 48 19 28 53 0 25 11 38 57 33 15 13 55 14 31 55 39 40 55 71 70 9 37 15 64 65 22 53 34 56 27 33 60 38 66 35 50 46 16 42 43 31 61 59 37 12 59 19 26 14 54 44 25 41 44 47 10 34 28 49 28 29 21 50 29 37 57 63 45 59 25 41 6 40 67 40 62 17 45 39 42 13 14 46 26 52 27 55 22 58 45 56
27 69 64 41 19 56 28 17 73 41 23 78 25 0 14 59 78 34 17 19 54 39 40 80 27 65 79 88 60 30 17 27 87 86 35 75 52 72 52 9 76 63 54 31 53 61 40 47 68 32 79 81 26 33 79 23 51 35 71 39 31 16 55 33 34 9 43 47 52 54 16 55 40 61 69 70 34 63 38 17 25 64 89 16 85 41 33 27 17 17 23 45 50 76 51 76 39 78 69 49
36 59 56 33 16 45 24 3 59 28 25 64 11 14 0 46 65 33 8 12 51 25 31 66 34 51 66 76 63 16 29 16 75 73 27 64 42 61 38 22 65 50 58 33 48 50 27 41 54 31 67 68 29 19 66 19 37 24 59 38 26 30 46 41 20 23 32 44 39 40 16 49 30 47 59 63 37 58 27 30 13 51 76 29 71 27 37 34 31 7 16 42 36 63 38 63 26 65 55 50
81 29 40 33 56 19 58 43 39 19 66 27 38 59 46 0 19 68 42 51 54 27 30 37 76 25 44 35 75 30 74 32 63 27 53 58 53 24 26 65 27 31 75 72 44 21 35 38 27 67 26 23 56 27 21 56 26 42 21 51 59 74 28 84 28 68 20 51 35 25 58 40 26 18 34 46 59 47 24 71 42 36 30 75 26 21 62 76 74 42 51 47 14 50 35 18 21 21 18 62
100 29 45 47 75 29 77 62 46 38 85 26 57 78 65 19 0 87 61 70 64 45 45 39 96 34 49 22 85 49 93 51 69 8 71 68 68 21 41 84 21 42 88 91 54 27 53 49 34 86 16 8 73 46 7 75 42 60 18 65 78 93 37 104 47 87 37 63 50 39 78 49 42 29 35 49 74 53 41 89 62 47 12 94 12 40 77 96 92 61 70 60 32 58 50 4 40 4 23 74
25 89 88 66 17 74 10 34 61 49 11 75 33 34 33 68 87 0 41 21 84 41 63 72 17 60 66 103 94 42 28 47 66 94 16 53 30 89 48 41 93 55 88 7 81 79 34 73 63 2 93 86 59 44 89 14 47 27 86 71 9 43 77 23 41 37 61 77 42 50 19 81 62 60 90 95 67 90 57 49 27 53 95 37 89 48 66 17 47 40 19 75 55 59 41 86 54 88 69 82
42 53 49 26 24 39 32 8 62 26 33 63 15 17 8 42 61 41 0 20 43 26 24 67 41 52 68 71 55 15 34 10 79 69 35 68 48 55 40 23 59 52 52 41 40 44 31 33 55 39 62 65 23 17 61 27 39 29 54 30 34 32 39 48 21 26 26 36 43 41 24 41 24 47 52 55 30 50 21 29 19 53 72 33 69 26 30 41 32 1 24 34 35 67 42 59 21 61 54 43
30 69 67 45 5 54 12 13 56 32 15 64 13 19 12 51 70 21 20 0 63 26 42 64 25 50 62 84 74 22 25 26 68 78 16 56 33 69 37 28 73 47 70 22 60 59 23 52 53 19 75 72 40 25 72 7 36 17 67 50 14 34 56 33 23 26 41 57 35 39 8 60 41 48 70 74 48 69 37 36 9 47 80 30 75 31 48 25 36 19 4 54 39 57 34 69 34 71 56 62
80 37 21 24 67 35 76 51 90 52 75 80 55 54 51 54 64 84 43 63 0 59 27 90 81 76 95 58 22 49 70 40 112 68 77 104 88 45 70 52 48 80 25 83 9 37 68 16 79 82 53 71 29 48 59 70 69 69 47 15 78 59 27 87 54 58 36 7 77 70 66 14 31 69 32 23 23 15 36 50 61 84 75 64 75 54 26 81 55 44 67 9 58 99 76 59 41 61 72 13
56 50 55 36 31 36 32 22 35 9 40 39 14 39 25 27 45 41 26 26 59 0 32 41 51 26 42 62 76 12 51 21 54 53 27 45 30 48 14 47 52 25 74 45 52 40 10 44 29 40 52 46 48 11 48 30 13 15 46 50 33 55 41 59 6 48 25 54 18 15 34 51 29 23 53 62 54 59 24 54 17 27 54 54 49 7 55 51 56 25 25 50 13 41 17 44 19 47 31 63
66 30 25 4 47 17 53 29 63 25 56 56 31 40 31 30 45 63 24 42 27 32 0 65 64 50 69 49 46 23 57 16 84 52 53 77 62 34 43 43 38 53 46 64 20 22 41 12 52 61 41 51 27 22 43 49 42 44 33 22 55 51 15 72 28 47 10 23 49 43 47 19 4 43 29 32 29 28 9 46 37 57 57 54 55 27 32 64 50 24 44 19 31 72 49 41 14 44 47 33
93 65 77 68 68 57 65 63 11 42 75 13 55 80 66 37 39 72 67 64 90 41 65 0 86 16 10 61 111 52 90 60 30 43 56 33 44 57 28 88 59 17 111 78 82 58 41 74 13 72 55 32 87 51 46 66 29 48 54 86 65 96 65 94 47 89 55 87 30 26 72 78 61 21 70 83 92 84 57 96 56 19 38 94 32 42 94 86 97 66 62 83 34 22 31 42 52 44 19 98
7 93 89 66 21 78 22 36 77 57 11 88 39 27 34 76 96 17 41 25 81 51 64 86 0 74 82 109 86 47 13 49 83 104 30 70 47 94 60 31 98 69 80 10 80 83 46 73 76 16 100 97 53 50 98 21 60 39 92 66 22 30 79 8 49 26 65 74 56 63 18 81 64 72 93 96 61 90 61 38 34 68 105 23 100 56 59 0 34 40 26 72 64 75 55 94 59 97 81 76
79 54 65 53 54 44 52 48 14 27 62 15 40 65 51 25 34 60 52 50 76 26 50 16 74 0 19 56 96 37 76 44 37 41 44 34 36 48 13 73 51 7 96 66 68 46 28 60 3 60 48 30 72 35 40 52 14 35 45 71 52 81 52 81 31 74 40 73 18 11 58 65 46 7 59 71 76 72 42 80 42 12 38 79 32 26 78 74 82 51 48 69 19 25 19 36 37 38 11 83
89 72 84 72 65 63 61 63 6 45 72 23 55 79 66 44 49 66 68 62 95 42 69 10 82 19 0 71 115 53 87 62 20 53 52 23 37 66 28 88 67 17 114 73 87 65 39 79 17 67 64 42 89 52 55 62 29 45 62 90 60 95 71 89 48 88 59 92 27 27 69 84 65 26 77 90 95 91 61 96 54 15 48 92 42 44 96 82 97 67 59 88 38 12 28 51 56 53 27 102
112 22 37 50 89 32 93 74 68 53 99 48 71 88 76 35 22 103 71 84 58 62 49 61 109 56 71 0 79 62 105 61 91 19 89 90 88 16 61 92 12 63 83 106 49 27 71 48 56 102 9 29 76 59 16 90 61 77 17 65 94 101 36 117 62 96 45 60 70 59 91 45 48 50 26 37 75 44 50 95 76 68 27 103 31 55 78 109 99 71 85 57 49 80 70 20 50 18 45 70
84 58 42 43 77 57 86 63 109 71 83 102 70 60 63 75 85 94 55 74 22 76 46 111 86 96 115 79 0 65 74 56 130 90 90 121 103 67 88 55 69 99 8 91 31 59 84 37 99 91 75 93 34 65 81 81 88 84 68 26 89 59 49 91 71 61 56 24 94 89 75 36 50 90 53 42 26 35 55 50 74 103 97 66 97 72 27 86 55 57 78 27 78 117 94 81 60 82 93 13
51 47 48 27 27 32 32 13 47 11 37 48 9 30 16 30 49 42 15 22 49 12 23 52 47 37 53 62 65 0 44 9 65 57 30 56 39 47 25 37 51 37 63 44 43 37 19 35 40 40 53 51 36 3 50 28 24 20 45 39 34 46 35 55 6 39 20 43 29 27 29 42 21 32 49 55 42 51 16 44 15 39 59 46 55 11 43 47 46 14 23 40 20 53 28 47 13 50 39 52
10 87 81 59 22 73 28 32 81 55 17 90 37 17 29 74 93 28 34 25 70 51 57 90 13 76 87 105 74 44 0 44 91 101 37 78 55 89 62 19 93 73 67 22 70 78 49 64 79 26 96 96 42 47 94 25 61 42 88 56 29 17 72 17 47 13 60 63 60 65 18 72 57 73 86 87 49 81 55 25 34 72 104 9 99 55 47 13 21 34 28 62 64 81 59 91 55 94 82 64
52 44 42 19 31 29 37 13 55 17 40 54 15 27 16 32 51 47 10 26 40 21 16 60 49 44 62 61 56 9 44 0 75 59 37 65 48 45 34 33 50 45 54 48 35 34 28 27 47 45 52 55 27 9 51 33 33 29 44 30 39 42 30 57 15 36 16 34 38 35 31 35 15 39 44 49 33 44 11 38 21 48 62 43 59 18 34 49 41 10 28 31 26 62 37 48 11 51 45 43
90 92 102 88 70 81 63 73 23 59 74 43 64 87 75 63 69 66 79 68 112 54 84 30 83 37 20 91 130 65 91 75 0 73 54 13 36 85 42 95 87 32 128 73 104 83 48 95 36 67 84 62 101 65 75 66 42 51 82 104 62 102 89 89 60 94 76 107 36 41 74 101 81 44 96 108 107 108 76 104 62 28 68 98 62 58 109 83 104 77 64 103 54 13 37 71 71 73 47 117
108 32 49 53 83 35 85 70 51 46 93 30 65 86 73 27 8 94 69 78 68 53 52 43 104 41 53 19 90 57 101 59 73 0 79 74 75 23 48 91 22 48 93 98 59 32 61 55 40 93 17 11 79 54 9 83 49 67 22 71 86 100 42 111 55 95 44 68 57 47 85 54 49 36 38 51 80 56 49 96 69 53 8 102 12 48 83 104 100 68 78 65 40 63 57 10 47 8 29 80
37 76 78 56 16 62 9 27 46 35 20 59 22 35 27 53 71 16 35 16 77 27 53 56 30 44 52 89 90 30 37 37 54 79 0 41 18 75 32 44 79 39 86 22 73 66 18 64 47 16 79 71 56 32 75 12 31 12 73 65 8 48 65 37 28 41 49 71 26 34 20 72 51 45 78 85 64 81 46 52 16 38 79 44 74 34 64 30 51 33 12 68 40 45 25 71 42 73 53 77
77 88 96 80 57 76 50 62 23 52 61 44 53 75 64 58 68 53 68 56 104 45 77 33 70 34 23 90 121 56 78 65 13 74 41 0 24 82 34 84 85 27 119 60 96 78 38 88 34 54 82 63 91 56 74 53 35 40 79 95 49 89 83 76 50 82 68 99 27 35 61 94 73 40 92 103 98 102 68 92 51 22 70 85 63 50 98 70 92 67 52 95 48 11 28 70 63 72 45 108
54 80 85 65 34 66 27 41 33 39 37 50 34 52 42 53 68 30 48 33 88 30 62 44 47 36 37 88 103 39 55 48 36 75 18 24 0 77 27 61 80 29 100 37 82 70 21 74 38 31 79 65 71 40 73 30 27 19 74 78 25 66 72 53 34 59 56 82 18 29 38 81 59 39 83 92 78 89 54 70 30 25 74 62 67 37 79 47 69 47 29 79 39 28 18 69 49 71 47 90
97 9 25 34 74 16 79 58 62 40 84 44 56 72 61 24 21 89 55 69 45 48 34 57 94 48 66 16 67 47 89 45 85 23 75 82 77 0 50 76 4 55 70 91 36 12 58 34 49 87 8 29 60 44 15 75 50 64 3 50 80 85 21 102 47 80 29 46 59 49 76 31 32 42 15 28 60 33 34 79 62 60 31 87 32 41 63 94 84 55 70 43 37 73 59 16 35 17 39 57
66 54 62 46 41 41 39 35 22 18 49 28 27 52 38 26 41 48 40 37 70 14 43 28 60 13 28 61 88 25 62 34 42 48 32 34 27 50 0 60 53 12 87 53 62 45 14 54 16 47 52 39 61 24 46 39 1 21 47 62 40 68 48 68 19 61 34 65 9 2 44 60 39 13 58 69 67 68 34 68 28 14 48 66 42 16 68 60 69 39 35 62 13 29 9 41 29 44 21 75
29 72 64 43 28 60 37 25 81 49 30 85 33 9 22 65 84 41 23 28 52 47 43 88 31 73 88 92 55 37 19 33 95 91 44 84 61 76 60 0 80 72 49 37 53 64 49 48 76 39 83 88 23 39 84 32 59 44 75 37 39 9 57 36 42 6 48 45 61 62 24 55 44 69 71 70 30 63 43 9 34 73 95 13 91 48 28 31 9 24 32 44 57 84 60 81 44 84 76 45
101 11 27 38 78 21 83 62 64 43 88 46 60 76 65 27 21 93 59 73 48 52 38 59 98 51 67 12 69 51 93 50 87 22 79 85 80 4 53 80 0 57 73 95 39 16 62 37 51 91 5 29 64 49 14 79 53 67 6 53 84 89 24 106 51 85 33 49 62 52 80 34 36 44 16 30 63 35 38 83 66 62 30 92 32 45 67 98 88 59 74 47 41 76 62 17 39 16 41 60
75 60 70 57 51 49 48 47 10 29 58 21 38 63 50 31 42 55 52 47 80 25 53 17 69 7 17 63 99 37 73 45 32 48 39 27 29 55 12 72 57 0 98 61 72 52 24 64 9 55 55 37 72 36 47 48 13 31 52 73 48 79 57 77 31 72 44 76 13 10 54 69 49 13 65 76 78 76 45 79 39 5 45 77 39 27 80 69 81 50 45 72 22 19 14 43 40 45 19 86
77 62 46 43 72 59 81 59 108 69 77 102 66 54 58 75 88 88 52 70 25 74 46 111 80 96 114 83 8 63 67 54 128 93 86 119 100 70 87 49 73 98 0 85 34 61 81 38 98 86 78 95 30 63 84 76 86 81 71 25 84 52 51 84 69 54 56 25 92 88 70 39 50 89 57 47 22 40 54 43 70 101 99 59 99 71 22 80 48 53 74 28 77 116 91 83 59 85 93 13
18 91 89 66 17 76 14 34 68 53 8 81 35 31 33 72 91 7 41 22 83 45 64 78 10 66 73 106 91 44 22 48 73 98 22 60 37 91 53 37 95 61 85 0 81 81 39 73 68 6 96 91 57 47 93 16 52 32 89 69 13 38 78 16 44 32 63 76 48 55 17 82 63 65 92 96 65 90 59 45 29 59 99 31 94 51 64 10 42 40 21 74 59 65 47 89 56 92 74 80
80 28 13 17 64 26 72 47 81 45 73 71 50 53 48 44 54 81 40 60 9 52 20 82 80 68 87 49 31 43 70 35 104 59 73 96 82 36 62 53 39 72 34 81 0 27 62 9 70 79 44 62 31 42 50 67 62 64 37 17 74 60 17 86 48 59 28 11 69 62 64 5 23 61 24 18 27 10 29 53 56 76 66 65 65 47 31 80 58 41 63 9 50 91 69 50 34 51 63 21
86 10 20 22 64 5 69 47 60 31 74 46 46 61 50 21 27 79 44 59 37 40 22 58 83 46 65 27 59 37 78 34 83 32 66 78 70 12 45 64 16 52 61 81 27 0 50 23 48 77 19 35 49 35 23 65 45 55 11 39 71 73 10 91 38 69 18 36 53 44 65 22 21 39 13 25 49 27 23 68 52 56 39 76 38 33 52 83 72 44 60 33 31 71 53 23 25 24 38 48
52 60 65 45 27 46 25 25 33 19 35 42 16 40 27 35 53 34 31 23 68 10 41 41 46 28 39 71 84 19 49 28 48 61 18 38 21 58 14 49 62 24 81 39 62 50 0 53 30 33 61 52 53 20 56 25 13 7 55 58 26 56 51 54 14 48 35 62 12 17 30 60 39 27 63 72 60 69 33 57 15 24 61 53 55 17 61 46 57 29 21 59 21 36 11 52 29 55 35 71
74 27 17 8 57 20 64 39 74 36 66 64 42 47 41 38 49 73 33 52 16 44 12 74 73 60 79 48 37 35 64 27 95 55 64 88 74 34 54 48 37 64 38 73 9 23 53 0 62 71 42 57 28 34 46 59 53 55 34 16 66 56 13 80 39 53 20 14 61 54 56 8 15 53 24 23 26 17 20 49 48 68 61 60 60 38 30 73 54 34 55 10 42 83 60 45 25 47 56 25
82 56 67 56 57 46 55 51 13 30 65 13 43 68 54 27 34 63 55 53 79 29 52 13 76 3 17 56 99 40 79 47 36 40 47 34 38 49 16 76 51 9 98 68 70 48 30 62 0 63 48 29 74 38 40 55 17 37 46 74 55 84 54 84 34 77 43 75 21 14 61 67 49 9 60 73 79 73 44 83 45 13 37 82 30 29 81 76 85 54 51 71 21 24 22 36 40 38 11 86
23 87 87 64 15 73 9 32 62 48 9 75 31 32 31 67 86 2 39 19 82 40 61 72 16 60 67 102 91 40 26 45 67 93 16 54 31 87 47 39 91 55 86 6 79 77 33 71 63 0 92 86 57 43 88 12 47 26 85 68 8 41 75 22 40 35 60 75 42 50 16 80 60 60 89 94 65 89 56 47 25 53 94 35 89 47 64 16 45 38 17 73 54 59 41 85 53 87 69 80
103 16 33 42 80 24 84 64 61 44 90 42 61 79 67 26 16 93 62 75 53 52 41 55 100 48 64 9 75 53 96 52 84 17 79 82 79 8 52 83 5 55 78 96 44 19 61 42 48 92 0 24 68 50 9 80 52 68 8 58 85 92 29 108 52 87 36 54 61 51 82 39 39 42 22 35 68 40 41 87 67 60 24 94 27 46 71 100 91 62 75 51 40 73 61 13 41 12 37 65
102 38 53 53 76 36 77 64 40 40 86 19 59 81 68 23 8 86 65 72 71 46 51 32 97 30 42 29 93 51 96 55 62 11 71 63 65 29 39 88 29 37 95 91 62 35 52 57 29 86 24 0 78 49 15 76 40 59 26 72 78 96 44 105 48 90 42 70 47 37 79 57 48 27 44 57 80 61 46 93 63 42 8 97 4 41 83 97 96 64 71 67 32 52 48 13 44 13 19 81
52 55 44 26 43 45 52 30 83 45 49 81 37 26 29 56 73 59 23 40 29 48 27 87 53 72 89 76 34 36 42 27 101 79 56 91 71 60 61 23 64 72 30 57 31 49 53 28 74 57 68 78 0 37 71 47 60 52 60 15 54 30 40 58 42 29 36 22 65 62 41 35 30 66 52 49 8 41 32 21 41 75 84 35 82 45 8 53 27 24 44 22 53 89 64 69 36 71 71 23
54 45 46 25 30 30 35 16 46 9 40 46 12 33 19 27 46 44 17 25 48 11 22 51 50 35 52 59 65 3 47 9 65 54 32 56 40 44 24 39 49 36 63 47 42 35 20 34 38 43 50 49 37 0 48 31 23 22 42 39 36 48 33 58 6 42 17 43 29 25 32 41 19 30 46 53 42 50 14 46 17 38 57 48 53 9 44 50 48 16 26 39 18 53 28 44 10 47 37 52
101 24 40 45 77 26 80 63 52 40 87 33 59 79 66 21 7 89 61 72 59 48 43 46 98 40 55 16 81 50 94 51 75 9 75 74 73 15 46 84 14 47 84 93 50 23 56 46 40 88 9 15 71 48 0 77 46 63 13 62 81 93 33 105 49 87 36 59 54 44 79 45 41 35 30 43 71 48 41 88 64 52 16 94 18 42 75 98 92 61 72 56 35 64 55 4 40 2 29 70
27 75 74 51 4 60 5 20 56 37 10 67 19 23 19 56 75 14 27 7 70 30 49 66 21 52 62 90 81 28 25 33 66 83 12 53 30 75 39 32 79 48 76 16 67 65 25 59 55 12 80 76 47 31 77 0 38 18 73 57 8 36 63 29 28 29 48 64 36 41 8 67 48 51 76 81 55 76 43 40 14 47 84 32 79 35 54 21 39 26 5 61 43 56 35 74 41 76 60 69
65 54 62 46 40 41 39 34 23 17 48 29 26 51 37 26 42 47 39 36 69 13 42 29 60 14 29 61 88 24 61 33 42 49 31 35 27 50 1 59 53 13 86 52 62 45 13 53 17 47 52 40 60 23 46 38 0 21 47 62 39 67 48 67 18 60 34 64 9 3 43 59 39 13 58 68 66 67 33 67 27 15 48 65 42 16 67 60 68 38 34 61 13 30 9 42 28 44 22 74
45 65 68 47 20 51 18 22 39 24 28 49 14 35 24 42 60 27 29 17 69 15 44 48 39 35 45 77 84 20 42 29 51 67 12 40 19 64 21 44 67 31 81 32 64 55 7 55 37 26 68 59 52 22 63 18 21 0 61 58 18 50 55 47 17 43 39 63 18 24 24 63 41 34 67 75 59 72 36 52 11 30 68 47 62 22 59 39 52 28 14 60 28 41 17 59 32 62 42 71
96 11 27 34 72 16 77 57 59 37 82 41 54 71 59 21 18 86 54 67 47 46 33 54 92 45 62 17 68 45 88 44 82 22 73 79 74 3 47 75 6 52 71 89 37 11 55 34 46 85 8 26 60 42 13 73 47 61 0 50 78 84 21 100 45 79 28 47 56 46 74 32 31 38 17 31 60 35 33 79 60 57 29 86 30 39 63 92 83 54 68 44 35 70 56 14 33 14 35 58
66 43 30 19 54 36 62 38 84 45 61 78 44 39 38 51 65 71 30 50 15 50 22 86 66 71 90 65 26 39 56 30 104 71 65 95 78 50 62 37 53 73 25 69 17 39 58 16 74 68 58 72 15 39 62 57 62 58 50 0 65 44 29 72 45 43 31 8 68 63 52 21 25 64 39 35 10 27 29 36 49 77 77 50 76 46 14 66 41 32 54 8 52 91 67 61 34 63 69 13
29 81 81 58 12 66 2 27 55 41 12 67 25 31 26 59 78 9 34 14 78 33 55 65 22 52 60 94 89 34 29 39 62 86 8 49 25 80 40 39 84 48 84 13 74 71 26 66 55 8 85 78 54 36 81 8 39 18 78 65 0 42 69 29 33 36 53 71 35 42 15 74 54 52 82 88 62 83 49 47 19 46 86 37 81 39 62 22 46 33 11 68 46 53 34 77 46 80 61 76
26 81 72 52 32 69 40 33 89 57 32 94 41 16 30 74 93 43 32 34 59 55 51 96 30 81 95 101 59 46 17 42 102 100 48 89 66 85 68 9 89 79 52 38 60 73 56 56 84 41 92 96 30 48 93 36 67 50 84 44 42 0 66 33 50 7 57 52 68 70 28 63 53 77 79 78 36 71 52 9 40 80 104 7 100 57 33 30 4 32 37 52 66 91 67 90 53 93 85 51
81 15 14 14 61 9 67 43 66 33 70 54 44 55 46 28 37 77 39 56 27 41 15 65 79 52 71 36 49 35 72 30 89 42 65 83 72 21 48 57 24 57 51 78 17 10 51 13 54 75 29 44 40 33 33 63 48 55 21 29 69 66 0 86 38 62 16 26 57 48 61 13 15 45 14 20 39 19 19 60 50 61 49 69 48 35 42 79 64 39 58 23 35 76 56 33 23 34 46 37
7 100 96 73 28 86 29 44 84 65 19 96 47 33 41 84 104 23 48 33 87 59 72 94 8 81 89 117 91 55 17 57 89 111 37 76 53 102 68 36 106 77 84 16 86 91 54 80 84 22 108 105 58 58 105 29 67 47 100 72 29 33 86 0 57 30 73 80 64 70 26 88 71 80 100 103 66 96 68 41 42 75 113 25 108 64 64 8 37 48 34 79 72 81 63 102 67 105 89 81
53 49 51 31 28 34 31 17 41 8 38 43 10 34 20 28 47 41 21 23 54 6 28 47 49 31 48 62 71 6 47 15 60 55 28 50 34 47 19 42 51 31 69 44 48 38 14 39 34 40 52 48 42 6 49 28 18 17 45 45 33 50 38 57 0 44 22 49 23 21 31 46 25 27 50 58 48 55 19 49 15 33 57 49 52 7 49 49 51 19 23 45 16 47 23 45 15 48 35 57
23 77 70 48 25 64 34 26 81 51 26 87 34 9 23 68 87 37 26 26 58 48 47 89 26 74 88 96 61 39 13 36 94 95 41 82 59 80 61 6 85 72 54 32 59 69 48 53 77 35 87 90 29 42 87 29 60 43 79 43 36 7 62 30 44 0 52 51 61 63 21 61 48 71 76 76 36 69 47 13 33 73 98 7 94 50 34 26 10 26 30 50 59 84 60 85 47 87 78 51
68 28 29 13 46 13 52 29 54 17 56 46 28 43 32 20 37 61 26 41 36 25 10 55 65 40 59 45 56 20 60 16 76 44 49 68 56 29 34 48 33 44 56 63 28 18 35 20 43 60 36 42 36 17 36 48 34 39 28 31 53 57 16 73 22 52 0 32 42 34 47 25 6 34 29 36 39 34 5 52 34 48 49 59 46 19 41 65 56 26 43 29 22 63 41 34 7 36 37 43
73 38 24 19 60 34 69 44 86 47 68 78 49 47 44 51 63 77 36 57 7 54 23 87 74 73 92 60 24 43 63 34 107 68 71 99 82 46 65 45 49 76 25 76 11 36 62 14 75 75 54 70 22 43 59 64 64 63 47 8 71 52 26 80 49 51 32 0 71 66 59 16 26 66 34 28 17 20 31 44 54 79 75 57 74 49 21 74 49 38 60 4 54 94 71 59 36 60 69 11
63 63 70 53 38 50 35 37 21 25 45 33 28 52 39 35 50 42 43 35 77 18 49 30 56 18 27 70 94 29 60 38 36 57 26 27 18 59 9 61 62 13 92 48 69 53 12 61 21 42 61 47 65 29 54 36 9 18 56 68 35 68 57 64 23 61 42 71 0 10 42 67 46 21 67 77 71 75 41 69 27 12 55 65 49 23 72 56 70 41 32 68 22 24 1 50 36 53 29 81
68 54 62 47 43 41 42 37 21 18 51 25 29 54 40 25 39 50 41 39 70 15 43 26 63 11 27 59 89 27 65 35 41 47 34 35 29 49 2 62 52 10 88 55 62 44 17 54 14 50 51 37 62 25 44 41 3 24 46 63 42 70 48 70 21 63 34 66 10 0 47 60 40 11 57 68 68 68 35 70 30 13 46 68 40 17 69 63 71 40 37 62 13 28 11 40 30 42 19 76
22 75 72 49 4 60 13 18 63 39 9 72 21 16 16 58 78 19 24 8 66 34 47 72 18 58 69 91 75 29 18 31 74 85 20 61 38 76 44 24 80 54 70 17 64 65 30 56 61 16 82 79 41 32 79 8 43 24 74 52 15 28 61 26 31 21 47 59 42 47 0 65 46 56 75 79 49 73 43 33 17 54 87 24 82 38 48 18 31 23 10 57 47 64 41 76 41 79 64 63
82 23 9 16 65 22 72 47 78 43 74 67 50 55 49 40 49 81 41 60 14 51 19 78 81 65 84 45 36 42 72 35 101 54 72 94 81 31 60 55 34 69 39 82 5 22 60 8 67 80 39 57 35 41 45 67 59 63 32 21 74 63 13 88 46 61 25 16 67 60 65 0 22 57 19 15 31 9 27 56 56 73 61 68 61 44 35 81 61 42 63 13 47 88 67 45 32 46 59 26
66 29 27 7 46 16 52 28 59 22 55 53 29 40 30 26 42 62 24 41 31 29 4 61 64 46 65 48 50 21 57 15 81 49 51 73 59 32 39 44 36 49 50 63 23 21 39 15 49 60 39 48 30 19 41 48 39 41 31 25 54 53 15 71 25 48 6 26 46 40 46 22 0 40 29 34 32 30 5 47 35 53 54 55 52 23 35 64 51 24 43 23 28 68 46 39 10 41 43 37
78 47 58 47 52 37 52 44 21 21 61 16 37 61 47 18 29 60 47 48 69 23 43 21 72 7 26 50 90 32 73 39 44 36 45 40 39 42 13 69 44 13 89 65 61 39 27 53 9 60 42 27 66 30 35 51 13 34 38 64 52 77 45 80 27 71 34 66 21 11 56 57 40 0 52 64 70 64 35 76 39 18 35 76 29 21 72 72 78 46 47 62 13 32 21 30 31 33 9 77
95 6 11 28 74 17 80 57 73 44 84 58 57 69 59 34 35 90 52 70 32 53 29 70 93 59 77 26 53 49 86 44 96 38 78 92 83 15 58 71 16 65 57 92 24 13 63 24 60 89 22 44 52 46 30 76 58 67 17 39 82 79 14 100 50 76 29 34 67 57 75 19 29 52 0 14 50 18 33 72 63 70 46 83 47 46 53 93 77 53 71 32 45 84 67 31 36 31 51 44
97 19 7 30 79 27 86 61 85 53 88 71 63 70 63 46 49 95 55 74 23 62 32 83 96 71 90 37 42 55 87 49 108 51 85 103 92 28 69 70 30 76 47 96 18 25 72 23 73 94 35 57 49 53 43 81 68 75 31 35 88 78 20 103 58 76 36 28 77 68 79 15 34 64 14 0 45 8 39 70 69 81 59 83 60 55 48 96 75 56 77 27 55 96 77 44 43 45 64 36
59 53 40 27 51 45 60 37 88 50 57 84 45 34 37 59 74 67 30 48 23 54 29 92 61 76 95 75 26 42 49 33 107 80 64 98 78 60 67 30 63 78 22 65 27 49 60 26 79 65 68 80 8 42 71 55 66 59 60 10 62 36 39 66 48 36 39 17 71 68 49 31 32 70 50 45 0 37 35 27 49 81 86 42 84 51 4 61 33 31 52 18 58 95 70 70 40 72 75 15
90 24 8 25 74 28 81 56 85 51 83 73 59 63 58 47 53 90 50 69 15 59 28 84 90 72 91 44 35 51 81 44 108 56 81 102 89 33 68 63 35 76 40 90 10 27 69 17 73 89 40 61 41 50 48 76 67 72 35 27 83 71 19 96 55 69 34 20 75 68 73 9 30 64 18 8 37 0 36 63 65 81 64 76 64 53 40 90 68 51 72 19 55 96 75 48 40 49 65 28
63 32 32 12 42 18 48 25 55 16 51 49 25 38 27 24 41 57 21 37 36 24 9 57 61 42 61 50 55 16 55 11 76 49 46 68 54 34 34 43 38 45 54 59 29 23 33 20 44 56 41 46 32 14 41 43 33 36 33 29 49 52 19 68 19 47 5 31 41 35 43 27 5 35 33 39 35 36 0 47 31 48 53 54 50 18 38 61 51 21 39 28 23 63 40 38 5 41 40 41
34 75 65 45 36 63 45 33 89 55 38 92 41 17 30 71 89 49 29 36 50 54 46 96 38 80 96 95 50 44 25 38 104 96 52 92 70 79 68 9 83 79 43 45 53 68 57 49 83 47 87 93 21 46 88 40 67 52 79 36 47 9 60 41 49 13 52 44 69 70 33 56 47 76 72 70 27 63 47 0 42 81 100 16 97 55 24 38 5 30 40 44 64 93 68 86 49 88 83 42
39 62 62 40 14 47 17 11 48 23 23 55 6 25 13 42 62 27 19 9 61 17 37 56 34 42 54 76 74 15 34 21 62 69 16 51 30 62 28 34 66 39 70 29 56 52 15 48 45 25 67 63 41 17 64 14 27 11 60 49 19 40 50 42 15 33 34 54 27 30 17 56 35 39 63 69 49 65 31 42 0 39 71 38 66 22 49 34 42 17 9 52 30 51 26 60 28 63 48 61
74 65 75 60 50 54 46 48 9 32 57 25 40 64 51 36 47 53 53 47 84 27 57 19 68 12 15 68 103 39 72 48 28 53 38 22 25 60 14 73 62 5 101 59 76 56 24 68 13 53 60 42 75 38 52 47 15 30 57 77 46 80 61 75 33 73 48 79 12 13 54 73 53 18 70 81 81 81 48 81 39 0 50 77 43 30 82 68 81 52 44 76 26 15 13 48 43 50 24 89
110 40 56 59 85 41 86 72 47 48 94 25 67 89 76 30 12 95 72 80 75 54 57 38 105 38 48 27 97 59 104 62 68 8 79 70 74 31 48 95 30 45 99 99 66 39 61 61 37 94 24 8 84 57 16 84 48 68 29 77 86 104 49 113 57 98 49 75 55 46 87 61 54 35 46 59 86 64 53 100 71 50 0 105 6 49 89 105 104 72 79 72 41 59 56 16 51 15 27 86
18 84 77 55 28 71 35 33 86 57 26 93 40 16 29 75 94 37 33 30 64 54 54 94 23 79 92 103 66 46 9 43 98 102 44 85 62 87 66 13 92 77 59 31 65 76 53 60 82 35 94 97 35 48 94 32 65 47 86 50 37 7 69 25 49 7 59 57 65 68 24 68 55 76 83 83 42 76 54 16 38 77 105 0 101 56 40 23 11 33 34 57 66 87 64 91 54 94 84 57
105 41 57 57 80 40 80 68 41 44 89 19 62 85 71 26 12 89 69 75 75 49 55 32 100 32 42 31 97 55 99 59 62 12 74 63 67 32 42 91 32 39 99 94 65 38 55 60 30 89 27 4 82 53 18 79 42 62 30 76 81 100 48 108 52 94 46 74 49 40 82 61 52 29 47 60 84 64 50 97 66 43 6 101 0 45 87 100 100 68 74 71 36 53 50 16 48 16 21 85
60 43 48 30 35 29 38 24 38 2 45 37 17 41 27 21 40 48 26 31 54 7 27 42 56 26 44 55 72 11 55 18 58 48 34 50 37 41 16 48 45 27 71 51 47 33 17 38 29 47 46 41 45 9 42 35 16 22 39 46 39 57 35 64 7 50 19 49 23 17 38 44 23 21 46 55 51 53 18 55 22 30 49 56 45 0 52 56 57 25 30 45 9 45 22 38 13 41 28 59
57 57 44 30 50 48 60 38 90 51 56 87 45 33 37 62 77 66 30 48 26 55 32 94 59 78 96 78 27 43 47 34 109 83 64 98 79 63 68 28 67 80 22 64 31 52 61 30 81 64 71 83 8 44 75 54 67 59 63 14 62 33 42 64 49 34 41 21 72 69 48 35 35 72 53 48 4 40 38 24 49 82 89 40 87 52 0 59 30 32 52 22 60 96 71 73 42 75 78 17
7 93 89 66 21 78 22 36 77 57 11 88 39 27 34 76 96 17 41 25 81 51 64 86 0 74 82 109 86 47 13 49 83 104 30 70 47 94 60 31 98 69 80 10 80 83 46 73 76 16 100 97 53 50 98 21 60 39 92 66 22 30 79 8 49 26 65 74 56 63 18 81 64 72 93 96 61 90 61 38 34 68 105 23 100 56 59 0 34 40 26 72 64 75 55 94 59 97 81 76
30 79 70 50 35 67 44 34 90 57 35 94 42 17 31 74 92 47 32 36 55 56 50 97 34 82 97 99 55 46 21 41 104 100 51 92 69 84 69 9 88 81 48 42 58 72 57 54 85 45 91 96 27 48 92 39 68 52 83 41 46 4 64 37 51 10 56 49 70 71 31 61 51 78 77 75 33 68 51 5 42 81 104 11 100 57 30 34 0 32 40 49 66 93 69 89 52 92 85 47
42 53 49 26 23 39 31 6 60 25 32 62 13 17 7 42 61 40 1 19 44 25 24 66 40 51 67 71 57 14 34 10 77 68 33 67 47 55 39 24 59 50 53 40 41 44 29 34 54 38 62 64 24 16 61 26 38 28 54 32 33 32 39 48 19 26 26 38 41 40 23 42 24 46 53 56 31 51 21 30 17 52 72 33 68 25 32 40 32 0 22 35 34 65 40 58 21 61 53 44
31 70 70 47 6 56 9 16 53 32 15 62 14 23 16 51 70 19 24 4 67 25 44 62 26 48 59 85 78 23 28 28 64 78 12 52 29 70 35 32 74 45 74 21 63 60 21 55 51 17 75 71 44 26 72 5 34 14 68 54 11 37 58 34 23 30 43 60 32 37 10 63 43 47 71 77 52 72 39 40 9 44 79 34 74 30 52 26 40 22 0 58 38 54 31 69 36 71 55 66
72 36 22 16 58 31 66 41 82 44 66 74 46 45 42 47 60 75 34 54 9 50 19 83 72 69 88 57 27 40 62 31 103 65 68 95 79 43 62 44 47 72 28 74 9 33 59 10 71 73 51 67 22 39 56 61 61 60 44 8 68 52 23 79 45 50 29 4 68 62 57 13 23 62 32 27 18 19 28 44 52 76 72 57 71 45 22 72 49 35 58 0 50 91 67 55 33 57 65 15
69 41 49 35 44 28 45 33 32 9 53 28 26 50 36 14 32 55 35 39 58 13 31 34 64 19 38 49 78 20 64 26 54 40 40 48 39 37 13 57 41 22 77 59 50 31 21 42 21 54 40 32 53 18 35 43 13 28 35 52 46 66 35 72 16 59 22 54 22 13 47 47 28 13 45 55 58 55 23 64 30 26 41 66 36 9 60 64 66 34 38 50 0 41 22 31 18 34 19 64
82 79 89 75 60 68 54 61 12 47 65 33 52 76 63 50 58 59 67 57 99 41 72 22 75 25 12 80 117 53 81 62 13 63 45 11 28 73 29 84 76 19 116 65 91 71 36 83 24 59 73 52 89 53 64 56 30 41 70 91 53 91 76 81 47 84 63 94 24 28 64 88 68 32 84 96 95 96 63 93 51 15 59 87 53 45 96 75 93 65 54 91 41 0 25 60 58 62 35 104
62 63 70 52 37 50 34 36 22 24 44 34 27 51 38 35 50 41 42 34 76 17 49 31 55 19 28 70 94 28 59 37 37 57 25 28 18 59 9 60 62 14 91 47 69 53 11 60 22 41 61 48 64 28 55 35 9 17 56 67 34 67 56 63 23 60 41 71 1 11 41 67 46 21 67 77 70 75 40 68 26 13 56 64 50 22 71 55 69 40 31 67 22 25 0 51 35 53 29 80
98 25 41 43 74 25 76 60 48 37 83 29 55 76 63 18 4 86 59 69 59 44 41 42 94 36 51 20 81 47 91 48 71 10 71 70 69 16 41 81 17 43 83 89 50 23 52 45 36 85 13 13 69 44 4 74 42 59 14 61 77 90 33 102 45 85 34 59 50 40 76 45 39 30 31 44 70 48 38 86 60 48 16 91 16 38 73 94 89 58 69 55 31 60 51 0 37 3 25 70
62 35 36 17 39 20 45 23 50 11 49 45 22 39 26 21 40 54 21 34 41 19 14 52 59 37 56 50 60 13 55 11 71 47 42 63 49 35 29 44 39 40 59 56 34 25 29 25 40 53 41 44 36 10 40 41 28 32 33 34 46 53 23 67 15 47 7 36 36 30 41 32 10 31 36 43 40 40 5 49 28 43 51 54 48 13 42 59 52 21 36 33 18 58 35 37 0 40 36 46
101 26 42 45 76 27 79 62 50 40 86 30 58 78 65 21 4 88 61 71 61 47 44 44 97 38 53 18 82 50 94 51 73 8 73 72 71 17 44 84 16 45 85 92 51 24 55 47 38 87 12 13 71 47 2 76 44 62 14 63 80 93 34 105 48 87 36 60 53 42 79 46 41 33 31 45 72 49 41 88 63 50 15 94 16 41 75 97 92 61 71 57 34 62 53 3 40 0 27 72
86 46 58 50 61 37 60 52 23 28 70 9 45 69 55 18 23 69 54 56 72 31 47 19 81 11 27 45 93 39 82 45 47 29 53 45 47 39 21 76 41 19 93 74 63 38 35 56 11 69 37 19 71 37 29 60 22 42 35 69 61 85 46 89 35 78 37 69 29 19 64 59 43 9 51 64 75 65 40 83 48 24 27 84 21 28 78 81 85 53 55 65 19 35 29 25 36 27 0 80
74 49 34 30 65 45 74 50 96 57 72 89 56 49 50 62 74 82 43 62 13 63 33 98 76 83 102 70 13 52 64 43 117 80 77 108 90 57 75 45 60 86 13 80 21 48 71 25 86 80 65 81 23 52 70 69 74 71 58 13 76 51 37 81 57 51 43 11 81 76 63 26 37 77 44 36 15 28 41 42 61 89 86 57 85 59 17 76 47 44 66 15 64 104 80 70 46 72 80 0
