0 90 40 28 108 32 69 78 67 91 10 60 95 19 81 59 71 17 58 29 83 34 69 73 61 57 27 30 54 73 24 69 7 76 55 54 39 73 78 41 51 28 60 87 17 78 53 90 18 92 90 88 49 84 23 106 12 54 43 86 90 59 69 37 47 96 54 109 86 83 35 67 41 94 28 75 65 85 50 85 82 50 67 82 70 55 64 83 42 32 109 76 71 85 75 54 77 109 70 75
90 0 50 97 54 62 35 19 25 70 82 43 48 93 93 50 30 83 40 82 33 93 24 30 42 35 65 61 38 42 67 50 97 33 74 102 78 65 97 57 80 62 30 28 73 67 49 86 81 28 80 46 44 15 70 58 78 65 48 112 91 79 51 78 45 15 68 40 8 111 94 25 55 14 64 16 91 7 94 97 13 40 78 20 52 37 105 99 93 79 58 20 106 50 21 39 66 50 29 96
40 50 0 54 80 21 31 42 27 74 34 24 68 48 80 38 38 33 21 42 52 54 28 34 34 22 15 11 20 46 20 47 47 38 51 69 45 59 80 15 53 13 20 48 24 63 21 82 36 58 78 61 18 44 24 80 28 44 10 93 84 57 47 43 17 58 46 76 46 91 54 30 22 56 19 37 69 45 62 84 42 10 62 42 48 20 77 84 57 41 82 36 81 60 39 14 62 79 30 78
28 97 54 0 100 36 86 81 79 76 24 77 88 9 59 54 72 44 75 15 80 9 80 88 59 62 46 48 59 68 34 62 30 92 39 27 23 60 55 62 33 42 69 102 33 64 73 71 18 91 72 81 53 96 30 97 33 43 51 60 69 40 61 22 52 99 40 106 96 57 9 72 42 97 36 81 42 93 25 62 92 63 49 95 61 60 37 60 17 19 100 88 45 77 78 68 63 102 84 52
108 54 80 100 0 76 83 43 69 32 98 87 13 101 64 49 42 109 83 86 29 92 68 79 48 58 93 89 60 35 86 39 115 84 63 90 77 43 70 94 70 86 65 82 93 40 91 50 92 27 44 20 63 68 86 7 99 58 71 83 56 64 40 78 64 40 60 18 62 83 93 52 67 40 81 51 72 59 84 65 64 74 57 72 39 60 88 69 88 82 5 70 84 24 45 77 40 5 76 71
32 62 21 36 76 0 52 48 44 62 22 45 64 31 61 28 40 35 41 22 51 33 44 53 29 27 22 21 24 41 10 38 39 58 33 48 23 45 61 34 33 14 34 67 17 50 42 66 19 60 64 57 18 60 9 75 23 27 16 72 67 38 38 22 17 66 28 77 60 70 34 37 9 63 5 46 49 58 41 65 57 28 44 59 39 25 55 65 36 20 77 53 60 54 45 34 49 77 49 58
69 35 31 86 83 52 0 40 15 89 65 10 74 79 103 57 45 57 11 73 56 85 16 6 50 35 42 40 36 58 51 63 75 7 77 99 74 78 105 29 81 44 24 18 55 81 18 102 67 57 97 69 40 21 55 86 58 68 36 119 105 83 64 73 40 49 71 73 27 117 85 34 50 47 50 32 96 28 92 107 22 24 86 17 65 35 106 109 88 72 87 15 109 71 39 17 80 81 7 103
78 19 42 81 43 48 40 0 25 53 70 44 34 78 75 32 11 74 40 66 16 76 24 36 24 21 56 53 24 23 55 31 85 41 55 83 61 47 78 53 61 52 23 41 61 48 49 68 67 17 62 30 30 28 56 46 67 46 36 93 73 60 32 61 31 18 49 35 23 92 77 11 40 16 50 8 72 20 76 78 23 33 59 31 33 24 86 80 76 63 47 27 87 33 3 35 47 41 33 77
67 25 27 79 69 44 15 25 0 74 61 19 59 74 90 44 30 59 16 65 41 77 1 13 36 22 41 38 23 43 46 49 74 18 65 89 64 64 92 32 69 40 11 24 51 67 25 87 62 42 82 54 28 17 49 71 55 56 28 106 91 71 49 64 29 37 59 59 19 105 77 19 39 35 44 17 83 18 82 94 15 17 72 16 50 22 95 95 79 63 72 9 97 56 24 14 66 66 9 91
91 70 74 76 32 62 89 53 74 0 81 89 26 80 32 36 45 97 85 64 37 67 74 87 41 55 83 80 56 31 72 27 97 92 37 61 54 17 38 89 44 75 66 94 79 13 91 18 73 45 12 25 56 81 70 26 85 37 64 50 24 36 27 55 57 59 37 47 75 51 68 56 55 59 67 60 41 73 56 33 76 72 28 84 26 57 57 37 61 61 29 79 53 20 52 78 14 36 83 39
10 82 34 24 98 22 65 70 61 81 0 56 86 16 72 49 62 21 54 21 73 28 62 68 52 49 23 25 46 63 15 59 17 72 46 48 30 64 70 38 42 21 52 82 10 68 50 81 9 83 80 79 40 78 13 96 9 44 35 79 81 50 59 28 39 87 44 100 79 76 29 59 32 85 19 67 57 78 43 76 75 44 58 76 60 46 57 75 35 23 99 70 64 75 66 48 67 99 64 67
60 43 24 77 87 45 10 44 19 89 56 0 77 70 100 55 46 47 4 66 59 77 20 15 48 34 33 30 34 58 43 62 65 17 73 93 68 77 101 19 75 35 23 28 46 80 8 100 59 61 95 71 36 30 47 89 48 64 31 115 103 79 63 67 35 55 67 78 35 113 78 35 44 53 42 36 91 35 86 104 30 18 82 26 64 32 100 105 81 65 90 23 104 72 42 12 79 85 14 99
95 48 68 88 13 64 74 34 59 26 86 77 0 89 57 36 31 97 73 74 18 80 58 70 35 46 80 77 48 23 73 27 103 75 51 79 65 32 62 82 59 73 54 74 80 30 81 44 80 21 38 7 51 61 73 12 87 46 59 75 50 53 27 66 52 35 48 21 55 76 81 41 55 35 68 42 62 52 73 59 57 63 47 65 27 48 78 62 76 70 14 62 75 12 35 66 30 14 67 63
19 93 48 9 101 31 79 78 74 80 16 70 89 0 65 53 70 35 68 16 79 16 75 82 58 58 39 40 55 68 28 62 22 86 42 35 26 62 61 54 37 35 64 96 25 67 65 76 12 90 76 82 49 91 24 98 25 44 46 68 74 45 61 24 48 96 42 105 91 65 16 68 39 94 30 77 49 89 32 68 87 57 53 89 62 56 45 66 24 19 101 83 53 77 75 62 66 103 78 58
81 93 80 59 64 61 103 75 90 32 72 100 57 65 0 46 64 92 96 52 62 49 90 102 55 68 83 82 67 51 69 43 86 108 29 35 42 28 6 94 30 75 80 113 74 28 100 16 63 72 21 53 64 101 66 58 79 36 70 19 11 23 43 44 65 86 34 78 97 19 50 73 57 85 66 80 17 94 34 4 96 82 18 103 42 69 29 6 42 49 61 97 22 47 73 88 28 68 98 9
59 50 38 54 49 28 57 32 44 36 49 55 36 53 46 0 21 62 51 39 27 47 43 56 9 22 47 44 22 14 38 10 66 62 24 52 31 22 49 53 30 40 34 66 45 25 56 45 44 37 41 29 20 55 37 47 51 15 28 63 48 29 10 32 21 47 18 52 52 62 48 27 19 45 33 35 41 49 45 50 51 37 29 57 11 23 55 52 45 35 50 51 56 26 29 43 24 50 52 47
71 30 38 72 42 40 45 11 30 45 62 46 31 70 64 21 0 69 42 57 13 66 29 42 13 16 52 48 18 14 48 21 79 47 45 73 51 37 68 51 51 46 23 49 55 39 50 59 59 21 53 25 23 37 49 43 61 35 30 82 63 49 22 51 24 27 39 38 33 81 67 11 31 25 43 16 62 30 65 68 32 32 48 39 23 19 76 70 65 53 45 34 76 26 9 36 38 41 38 67
17 83 33 44 109 35 57 74 59 97 21 47 97 35 92 62 69 0 47 42 82 49 60 62 62 54 18 22 51 74 25 72 20 64 64 69 50 80 90 28 62 23 53 75 18 84 40 99 30 90 98 90 47 75 27 108 13 61 39 99 100 69 72 48 45 91 61 107 78 97 49 63 43 89 30 70 77 77 64 96 73 42 77 72 73 51 78 95 56 43 111 66 85 87 71 44 83 109 59 87
58 40 21 75 83 41 11 40 16 85 54 4 73 68 96 51 42 47 0 63 55 74 17 15 44 30 31 28 29 54 40 58 64 18 69 89 64 72 97 19 72 33 19 29 43 76 9 96 56 58 91 67 32 29 44 85 46 61 27 111 99 75 58 63 31 52 63 75 34 109 75 31 40 50 39 33 87 33 82 100 29 14 78 26 59 28 96 101 78 62 86 21 100 68 38 8 75 81 13 95
29 82 42 15 86 22 73 66 65 64 21 66 74 16 52 39 57 42 63 0 65 11 66 75 44 47 38 38 44 53 24 47 35 80 27 28 10 47 49 52 22 32 55 89 25 51 62 61 12 76 61 67 38 82 20 83 29 28 38 58 60 30 46 9 38 83 27 91 81 55 12 57 27 81 24 66 36 79 22 55 78 50 38 81 47 46 37 54 16 4 86 75 44 62 63 56 50 88 71 46
83 33 52 80 29 51 56 16 41 37 73 59 18 79 62 27 13 82 55 65 0 74 40 52 22 29 65 61 32 13 60 21 90 58 48 77 58 34 67 65 55 59 36 58 67 35 63 54 69 11 47 14 35 44 60 30 73 40 43 81 59 52 22 58 37 24 43 26 38 81 75 24 42 22 55 24 63 36 70 65 40 45 48 47 22 32 78 68 71 62 32 44 77 17 17 49 34 28 49 66
34 93 54 9 92 33 85 76 77 67 28 77 80 16 49 47 66 49 74 11 74 0 77 86 53 58 48 49 55 61 35 54 38 91 30 20 16 51 46 63 23 43 66 100 35 55 73 62 20 84 63 74 49 93 30 88 37 35 49 52 59 31 53 15 49 93 32 98 92 49 1 67 38 91 35 77 33 90 16 53 89 61 40 92 53 56 29 51 8 13 91 86 37 68 73 67 54 94 82 42
69 24 28 80 68 44 16 24 1 74 62 20 58 75 90 43 29 60 17 66 40 77 0 13 35 22 42 39 24 42 47 48 75 19 65 90 65 64 92 34 69 41 11 24 52 66 26 87 63 41 81 53 29 16 50 70 57 56 29 106 91 71 49 64 29 35 59 58 18 105 78 18 40 33 44 16 84 17 82 94 13 18 72 15 50 22 95 95 79 64 71 9 97 55 23 16 65 65 9 91
73 30 34 88 79 53 6 36 13 87 68 15 70 82 102 56 42 62 15 75 52 86 13 0 48 34 46 43 35 55 54 61 79 6 77 100 75 77 104 34 81 47 23 14 58 79 23 100 70 52 94 66 40 16 58 82 61 68 38 118 103 83 62 74 40 44 71 68 22 117 87 31 50 42 52 28 95 22 93 106 17 25 85 11 63 34 106 108 89 73 83 9 109 68 35 20 78 76 4 103
61 42 34 59 48 29 50 24 36 41 52 48 35 58 55 9 13 62 44 44 22 53 35 48 0 15 45 42 15 13 38 14 68 54 32 60 38 29 57 49 38 38 26 58 45 32 50 52 47 32 47 28 16 47 38 47 52 23 24 72 55 37 14 38 17 40 26 48 44 70 54 18 20 38 33 26 50 41 52 58 42 31 37 48 15 16 63 60 52 41 49 43 64 27 21 36 31 48 44 56
57 35 22 62 58 27 35 21 22 55 49 34 46 58 68 22 16 54 30 47 29 58 22 34 15 0 36 33 3 25 34 29 64 40 43 68 44 43 70 36 48 31 12 45 40 46 36 66 47 36 62 40 9 36 35 58 46 34 15 84 70 49 29 44 10 39 37 54 34 83 59 10 20 36 29 19 62 32 61 72 31 17 51 36 30 3 73 74 59 45 60 30 75 39 18 22 45 57 30 69
27 65 15 46 93 22 42 56 41 83 23 33 80 39 83 47 52 18 31 38 65 48 42 46 45 36 0 4 33 58 14 57 33 49 55 66 43 67 82 15 54 8 35 60 14 71 27 88 28 72 85 73 30 58 18 92 15 49 21 94 89 60 57 42 28 73 50 90 60 91 49 45 28 71 17 52 70 59 60 87 56 25 66 55 58 33 75 87 54 38 95 50 81 72 53 27 70 92 43 80
30 61 11 48 89 21 40 53 38 80 25 30 77 40 82 44 48 22 28 38 61 49 39 43 42 33 4 0 30 55 14 54 36 47 53 66 43 64 81 14 53 7 31 57 15 68 25 86 29 69 83 70 26 55 18 89 18 47 18 93 87 59 54 41 25 69 48 86 57 90 50 41 26 67 16 48 69 56 60 86 52 21 65 52 55 30 75 86 54 38 91 46 80 69 50 24 67 89 40 79
54 38 20 59 60 24 36 24 23 56 46 34 48 55 67 22 18 51 29 44 32 55 24 35 15 3 33 30 0 26 30 29 61 41 42 66 42 43 69 34 46 28 13 47 37 46 35 66 43 39 62 41 6 38 32 60 43 33 12 83 69 47 29 41 7 42 35 57 37 81 56 13 17 40 26 22 60 35 59 71 34 16 50 38 30 1 71 73 56 42 62 32 74 41 21 22 45 59 31 67
73 42 46 68 35 41 58 23 43 31 63 58 23 68 51 14 14 74 54 53 13 61 42 55 13 25 58 55 26 0 50 9 80 61 35 64 45 23 55 61 42 51 35 63 57 25 61 45 58 24 39 16 28 51 50 34 64 27 37 70 50 39 9 46 30 36 30 38 46 69 62 24 32 34 45 29 51 43 57 55 46 42 36 53 10 27 66 57 58 49 37 48 65 14 22 47 24 36 52 55
24 67 20 34 86 10 51 55 46 72 15 43 73 28 69 38 48 25 40 24 60 35 47 54 38 34 14 14 30 50 0 48 31 58 41 52 29 55 68 28 40 8 37 68 7 59 39 75 16 69 73 66 25 63 4 84 13 36 19 79 76 46 48 27 24 72 37 86 64 77 35 44 19 70 5 52 56 62 46 74 60 29 53 61 48 31 61 73 40 24 87 55 66 63 51 34 59 86 50 66
69 50 47 62 39 38 63 31 49 27 59 62 27 62 43 10 21 72 58 47 21 54 48 61 14 29 57 54 29 9 48 0 76 67 27 56 39 16 47 62 34 50 40 70 55 18 64 38 53 32 33 20 29 58 47 37 61 20 37 61 42 30 1 39 30 44 22 44 54 61 55 31 30 43 43 37 42 51 49 47 53 45 28 60 1 30 57 49 51 43 40 55 56 16 30 51 17 41 57 46
7 97 47 30 115 39 75 85 74 97 17 65 103 22 86 66 79 20 64 35 90 38 75 79 68 64 33 36 61 80 31 76 0 82 61 57 45 80 83 46 57 34 66 93 24 84 59 96 24 99 96 95 56 91 30 113 19 61 50 90 95 65 76 43 55 103 60 116 93 87 38 74 48 101 36 82 70 91 54 90 88 57 73 88 76 62 67 88 46 38 116 83 75 92 82 60 84 116 76 80
76 33 38 92 84 58 7 41 18 92 72 17 75 86 108 62 47 64 18 80 58 91 19 6 54 40 49 47 41 61 58 67 82 0 83 105 80 82 110 36 86 51 28 11 62 85 24 106 74 57 100 71 45 18 62 87 65 74 43 124 109 88 68 79 45 48 76 72 25 122 92 37 56 46 57 33 101 26 98 112 21 30 91 13 68 40 112 114 94 78 88 14 115 73 41 24 84 81 10 109
55 74 51 39 63 33 77 55 65 37 46 73 51 42 29 24 45 64 69 27 48 30 65 77 32 43 55 53 42 35 41 27 61 83 0 29 17 21 29 65 7 47 54 89 46 25 72 35 37 59 34 45 38 78 38 59 51 9 43 42 35 6 26 18 38 70 6 71 76 40 31 50 29 69 37 59 18 73 22 33 74 55 12 79 26 43 31 33 25 24 62 73 32 40 53 61 24 65 73 26
54 102 69 27 90 48 99 83 89 61 48 93 79 35 35 52 73 69 89 28 77 20 90 100 60 68 66 66 66 64 52 56 57 105 29 0 25 47 30 80 22 60 78 113 54 50 90 50 39 88 53 74 61 104 48 85 56 37 63 33 47 26 55 26 61 99 34 100 102 30 19 77 50 97 51 86 20 100 8 38 100 76 33 104 55 68 10 35 13 28 88 98 18 68 81 82 50 93 96 27
39 78 45 23 77 23 74 61 64 54 30 68 65 26 42 31 51 50 64 10 58 16 65 75 38 44 43 43 42 45 29 39 45 80 17 25 0 37 40 57 12 36 54 88 33 41 65 51 21 69 51 58 36 80 25 73 37 19 38 50 50 20 38 2 36 78 17 83 78 48 16 53 25 76 27 62 27 76 18 46 76 51 28 80 38 43 32 45 15 7 77 73 37 53 58 57 40 79 71 37
73 65 59 60 43 45 78 47 64 17 64 77 32 62 28 22 37 80 72 47 34 51 64 77 29 43 67 64 43 23 55 16 80 82 21 47 37 0 32 74 28 59 55 86 61 4 78 23 56 45 19 27 42 74 53 38 67 19 49 47 27 21 15 38 42 58 20 53 69 46 52 46 38 57 50 52 30 66 41 31 69 59 15 76 14 44 46 34 46 43 41 70 44 21 45 65 4 46 72 32
78 97 80 55 70 61 105 78 92 38 70 101 62 61 6 49 68 90 97 49 67 46 92 104 57 70 82 81 69 55 68 47 83 110 29 30 40 32 0 94 28 75 82 115 73 33 101 22 61 77 27 58 66 104 65 64 77 37 71 14 17 23 46 42 66 90 34 83 100 14 46 76 58 89 65 83 13 97 30 8 99 83 20 105 45 71 23 5 38 47 67 100 16 52 76 89 33 74 100 3
41 57 15 62 94 34 29 53 32 89 38 19 82 54 94 53 51 28 19 52 65 63 34 34 49 36 15 14 34 61 28 62 46 36 65 80 57 74 94 0 66 21 30 47 29 78 12 97 43 70 93 76 33 48 33 94 30 58 25 106 99 71 62 55 32 68 60 88 51 104 64 42 37 66 30 47 82 51 74 98 47 20 76 44 63 34 88 98 68 52 96 39 94 75 50 18 77 93 32 92
51 80 53 33 70 33 81 61 69 44 42 75 59 37 30 30 51 62 72 22 55 23 69 81 38 48 54 53 46 42 40 34 57 86 7 22 12 28 28 66 0 46 58 93 44 32 74 39 34 66 40 52 41 83 36 66 49 15 45 40 38 8 33 14 41 77 12 78 81 38 24 55 31 75 37 64 16 78 15 34 79 57 17 84 33 47 26 33 18 19 69 78 28 47 59 64 31 73 77 26
28 62 13 42 86 14 44 52 40 75 21 35 73 35 75 40 46 23 33 32 59 43 41 47 38 31 8 7 28 51 8 50 34 51 47 60 36 59 75 21 46 0 32 61 11 63 31 80 24 67 77 67 23 57 12 85 16 41 16 86 81 52 49 34 22 69 42 84 59 84 43 40 21 67 9 48 63 57 53 79 54 23 58 55 50 28 68 79 48 31 88 49 73 64 49 27 62 86 43 72
60 30 20 69 65 34 24 23 11 66 52 23 54 64 80 34 23 53 19 55 36 66 11 23 26 12 35 31 13 35 37 40 66 28 54 78 54 55 82 30 58 32 0 35 43 58 27 78 52 40 73 48 17 27 40 66 48 45 18 96 81 60 40 53 18 38 48 58 27 94 67 13 29 36 34 17 73 25 71 84 23 11 62 26 41 11 84 85 68 53 68 20 86 49 21 13 57 63 18 80
87 28 48 102 82 67 18 41 24 94 82 28 74 96 113 66 49 75 29 89 58 100 24 14 58 45 60 57 47 63 68 70 93 11 89 113 88 86 115 47 93 61 35 0 72 88 36 108 84 55 103 71 52 13 72 86 75 79 51 129 113 94 71 87 52 43 82 68 20 128 101 40 63 42 66 34 107 22 105 116 18 39 95 10 72 46 118 118 102 87 86 16 121 74 42 34 87 78 18 114
17 73 24 33 93 17 55 61 51 79 10 46 80 25 74 45 55 18 43 25 67 35 52 58 45 40 14 15 37 57 7 55 24 62 46 54 33 61 73 29 44 11 43 72 0 66 40 81 15 75 79 73 32 68 8 91 6 42 26 83 81 51 54 31 31 79 43 93 70 80 36 50 26 77 12 58 60 68 48 78 65 34 58 66 55 38 63 77 41 26 94 60 69 70 58 38 65 93 54 70
78 67 63 64 40 50 81 48 67 13 68 80 30 67 28 25 39 84 76 51 35 55 66 79 32 46 71 68 46 25 59 18 84 85 25 50 41 4 33 78 32 63 58 88 66 0 81 21 60 44 16 26 45 76 58 35 72 24 53 47 25 25 17 43 46 58 24 51 71 46 56 48 42 57 55 54 32 68 45 31 71 62 17 78 17 48 48 34 49 48 38 73 45 20 47 68 1 43 75 33
53 49 21 73 91 42 18 49 25 91 50 8 81 65 100 56 50 40 9 62 63 73 26 23 50 36 27 25 35 61 39 64 59 24 72 90 65 78 101 12 74 31 27 36 40 81 0 101 54 66 97 75 36 38 43 93 42 64 30 113 103 78 64 64 35 62 66 84 43 111 74 39 43 60 39 42 90 42 83 104 38 19 82 34 65 34 97 105 78 62 95 30 102 75 47 14 80 90 22 98
90 86 82 71 50 66 102 68 87 18 81 100 44 76 16 45 59 99 96 61 54 62 87 100 52 66 88 86 66 45 75 38 96 106 35 50 51 23 22 97 39 80 78 108 81 21 101 0 72 62 7 42 65 96 73 44 86 39 72 33 6 31 38 53 66 77 38 65 91 34 62 69 60 76 71 75 30 88 48 16 91 82 23 98 37 68 44 20 54 59 46 93 38 37 67 88 21 55 96 25
18 81 36 18 92 19 67 67 62 73 9 59 80 12 63 44 59 30 56 12 69 20 63 70 47 47 28 29 43 58 16 53 24 74 37 39 21 56 61 43 34 24 52 84 15 60 54 72 0 79 72 73 37 79 12 90 17 37 34 70 72 41 52 19 36 85 36 95 79 67 21 57 28 82 18 65 48 77 34 67 75 45 49 77 53 44 49 66 27 14 93 71 56 69 64 50 59 94 66 58
92 28 58 91 27 60 57 17 42 45 83 61 21 90 72 37 21 90 58 76 11 84 41 52 32 36 72 69 39 24 69 32 99 57 59 88 69 45 77 70 66 67 40 55 75 44 66 62 79 0 56 20 44 41 69 31 82 51 51 91 68 63 33 69 45 15 54 18 35 91 85 28 51 14 64 25 74 32 81 75 37 50 59 45 33 39 89 78 82 72 31 43 88 25 20 53 44 24 50 77
90 80 78 72 44 64 97 62 82 12 80 95 38 76 21 41 53 98 91 61 47 63 81 94 47 62 85 83 62 39 73 33 96 100 34 53 51 19 27 93 40 77 73 103 79 16 97 7 72 56 0 36 61 90 71 37 85 37 68 39 13 32 33 53 62 70 36 59 85 40 63 64 57 69 69 69 33 82 50 22 85 78 23 92 32 63 48 26 56 58 40 88 43 30 61 83 16 48 90 29
88 46 61 81 20 57 69 30 54 25 79 71 7 82 53 29 25 90 67 67 14 74 53 66 28 40 73 70 41 16 66 20 95 71 45 74 58 27 58 76 52 67 48 71 73 26 75 42 73 20 36 0 44 58 66 19 80 39 52 72 48 47 21 59 45 35 41 26 52 72 74 36 48 34 61 38 57 49 67 56 53 57 42 61 20 42 73 59 70 63 21 57 71 6 30 61 25 21 62 58
49 44 18 53 63 18 40 30 28 56 40 36 51 49 64 20 23 47 32 38 35 49 29 40 16 9 30 26 6 28 25 29 56 45 38 61 36 42 66 33 41 23 17 52 32 45 36 65 37 44 61 44 0 44 27 63 38 29 9 79 67 43 29 35 1 47 31 61 43 77 50 19 11 45 21 28 56 40 53 68 40 17 47 43 30 7 66 69 51 36 65 37 69 42 27 24 44 63 35 64
84 15 44 96 68 60 21 28 17 81 78 30 61 91 101 55 37 75 29 82 44 93 16 16 47 36 58 55 38 51 63 58 91 18 78 104 80 74 104 48 83 57 27 13 68 76 38 96 79 41 90 58 44 0 66 72 72 69 45 118 100 84 59 79 44 30 72 55 7 117 94 28 55 29 60 21 97 9 97 105 5 34 84 4 60 37 109 107 94 79 73 8 111 61 29 31 75 65 16 103
23 70 24 30 86 9 55 56 49 70 13 47 73 24 66 37 49 27 44 20 60 30 50 58 38 35 18 18 32 50 4 47 30 62 38 48 25 53 65 33 36 12 40 72 8 58 43 73 12 69 71 66 27 66 0 84 14 34 22 76 73 43 47 23 25 74 35 86 67 73 31 46 18 72 6 54 52 65 42 70 63 33 50 65 47 33 56 70 36 20 87 59 62 63 53 38 57 86 54 62
106 58 80 97 7 75 86 46 71 26 96 89 12 98 58 47 43 108 85 83 30 88 70 82 47 58 92 89 60 34 84 37 113 87 59 85 73 38 64 94 66 85 66 86 91 35 93 44 90 31 37 19 63 72 84 0 98 54 71 76 50 59 37 75 64 44 56 24 66 77 89 54 66 45 79 54 66 63 79 59 68 75 52 76 37 61 83 63 84 79 3 73 78 21 47 79 35 12 79 65
12 78 28 33 99 23 58 67 55 85 9 48 87 25 79 51 61 13 46 29 73 37 57 61 52 46 15 18 43 64 13 61 19 65 51 56 37 67 77 30 49 16 48 75 6 72 42 86 17 82 85 80 38 72 14 98 0 48 31 87 87 56 61 35 37 85 49 99 74 84 38 56 32 82 18 64 64 73 51 83 70 38 64 70 62 43 66 82 44 30 100 64 73 77 64 42 71 100 58 74
54 65 44 43 58 27 68 46 56 37 44 64 46 44 36 15 35 61 61 28 40 35 56 68 23 34 49 47 33 27 36 20 61 74 9 37 19 19 37 58 15 41 45 79 42 24 64 39 37 51 37 39 29 69 34 54 48 0 35 50 40 15 19 20 29 62 3 64 66 49 35 41 22 60 32 49 28 64 30 40 64 46 18 70 19 34 40 41 31 25 57 64 42 34 44 52 23 60 64 35
43 48 10 51 71 16 36 36 28 64 35 31 59 46 70 28 30 39 27 38 43 49 29 38 24 15 21 18 12 37 19 37 50 43 43 63 38 49 71 25 45 16 18 51 26 53 30 72 34 51 68 52 9 45 22 71 31 35 0 84 74 48 37 37 7 53 37 69 45 82 50 25 14 51 16 33 60 43 55 74 41 13 53 43 38 12 69 75 52 36 73 37 73 51 33 19 52 71 34 69
86 112 93 60 83 72 119 93 106 50 79 115 75 68 19 63 82 99 111 58 81 52 106 118 72 84 94 93 83 70 79 61 90 124 42 33 50 47 14 106 40 86 96 129 83 47 113 33 70 91 39 72 79 118 76 76 87 50 84 0 27 36 60 52 79 105 48 97 115 3 52 90 70 103 77 97 24 112 36 17 113 96 34 120 60 84 24 13 44 57 79 114 15 66 91 103 47 87 114 16
90 91 84 69 56 67 105 73 91 24 81 103 50 74 11 48 63 100 99 60 59 59 91 103 55 70 89 87 69 50 76 42 95 109 35 47 50 27 17 99 38 81 81 113 81 25 103 6 72 68 13 48 67 100 73 50 87 40 74 27 0 31 42 52 68 82 39 71 96 28 60 73 62 81 72 79 27 93 45 10 95 85 23 102 41 71 40 15 52 58 52 97 33 42 72 91 26 61 99 20
59 79 57 40 64 38 83 60 71 36 50 79 53 45 23 29 49 69 75 30 52 31 71 83 37 49 60 59 47 39 46 30 65 88 6 26 20 21 23 71 8 52 60 94 51 25 78 31 41 63 32 47 43 84 43 59 56 15 48 36 31 0 29 22 44 74 12 73 81 34 32 55 35 73 43 64 13 78 20 27 79 60 9 85 29 49 27 27 25 27 62 79 27 41 58 67 24 67 79 21
69 51 47 61 40 38 64 32 49 27 59 63 27 61 43 10 22 72 58 46 22 53 49 62 14 29 57 54 29 9 48 1 76 68 26 55 38 15 46 62 33 49 40 71 54 17 64 38 52 33 33 21 29 59 47 37 61 19 37 60 42 29 0 38 30 45 21 45 54 60 54 31 29 44 43 37 41 52 48 46 54 45 27 61 1 30 56 48 50 43 40 55 55 16 30 51 17 42 58 45
37 78 43 22 78 22 73 61 64 55 28 67 66 24 44 32 51 48 63 9 58 15 64 74 38 44 42 41 41 46 27 39 43 79 18 26 2 38 42 55 14 34 53 87 31 43 64 53 19 69 53 59 35 79 23 75 35 20 37 52 52 22 38 0 35 78 18 83 78 50 16 53 24 76 25 62 29 75 19 48 75 49 30 79 39 42 34 47 15 5 78 72 39 54 58 56 42 80 70 39
47 45 17 52 64 17 40 31 29 57 39 35 52 48 65 21 24 45 31 38 37 49 29 40 17 10 28 25 7 30 24 30 55 45 38 61 36 42 66 32 41 22 18 52 31 46 35 66 36 45 62 45 1 44 25 64 37 29 7 79 68 44 30 35 0 49 32 62 44 78 49 20 11 46 19 29 56 41 53 69 40 17 47 44 31 8 66 70 50 35 66 38 69 44 28 23 45 64 36 64
96 15 58 99 40 66 49 18 37 59 87 55 35 96 86 47 27 91 52 83 24 93 35 44 40 39 73 69 42 36 72 44 103 48 70 99 78 58 90 68 77 69 38 43 79 58 62 77 85 15 70 35 47 30 74 44 85 62 53 105 82 74 45 78 49 0 65 25 23 104 94 29 57 2 68 21 86 22 92 89 27 49 72 35 46 41 101 92 92 80 44 34 101 40 21 50 58 36 42 90
54 68 46 40 60 28 71 49 59 37 44 67 48 42 34 18 39 61 63 27 43 32 59 71 26 37 50 48 35 30 37 22 60 76 6 34 17 20 34 60 12 42 48 82 43 24 66 38 36 54 36 41 31 72 35 56 49 3 37 48 39 12 21 18 32 65 0 67 69 46 33 44 23 63 33 52 25 67 27 38 67 49 16 73 22 37 37 38 29 23 59 67 39 36 47 55 24 62 66 32
109 40 76 106 18 77 73 35 59 47 100 78 21 105 78 52 38 107 75 91 26 98 58 68 48 54 90 86 57 38 86 44 116 72 71 100 83 53 83 88 78 84 58 68 93 51 84 65 95 18 59 26 61 55 86 24 99 64 69 97 71 73 45 83 62 25 67 0 48 97 99 46 68 26 81 42 83 46 93 80 52 68 68 59 45 57 99 83 95 87 23 58 96 32 37 70 51 13 66 84
86 8 46 96 62 60 27 23 19 75 79 35 55 91 97 52 33 78 34 81 38 92 18 22 44 34 60 57 37 46 64 54 93 25 76 102 78 69 100 51 81 59 27 20 70 71 43 91 79 35 85 52 43 7 67 66 74 66 45 115 96 81 54 78 44 23 69 48 0 114 93 25 54 22 61 17 93 3 95 100 5 36 81 11 55 36 106 103 93 79 66 13 108 56 24 34 70 58 21 99
83 111 91 57 83 70 117 92 105 51 76 113 76 65 19 62 81 97 109 55 81 49 105 117 70 83 91 90 81 69 77 61 87 122 40 30 48 46 14 104 38 84 94 128 80 46 111 34 67 91 40 72 77 117 73 77 84 49 82 3 28 34 60 50 78 104 46 97 114 0 49 89 69 103 74 96 22 111 33 18 112 94 33 118 59 83 20 14 41 54 80 112 12 66 90 101 47 88 113 14
35 94 54 9 93 34 85 77 77 68 29 78 81 16 50 48 67 49 75 12 75 1 78 87 54 59 49 50 56 62 35 55 38 92 31 19 16 52 46 64 24 43 67 101 36 56 74 62 21 85 63 74 50 94 31 89 38 35 50 52 60 32 54 16 49 94 33 99 93 49 0 68 39 92 36 78 33 91 16 53 90 62 40 93 54 57 29 51 8 14 92 87 37 69 74 68 55 95 83 43
67 25 30 72 52 37 34 11 19 56 59 35 41 68 73 27 11 63 31 57 24 67 18 31 18 10 45 41 13 24 44 31 74 37 50 77 53 46 76 42 55 40 13 40 50 48 39 69 57 28 64 36 19 28 46 54 56 41 25 90 73 55 31 53 20 29 44 46 25 89 68 0 30 26 40 9 68 23 69 77 24 22 56 30 32 13 81 79 68 54 55 24 82 37 8 25 48 51 27 74
41 55 22 42 67 9 50 40 39 55 32 44 55 39 57 19 31 43 40 27 42 38 40 50 20 20 28 26 17 32 19 30 48 56 29 50 25 38 58 37 31 21 29 63 26 42 43 60 28 51 57 48 11 55 18 66 32 22 14 70 62 35 29 24 11 57 23 68 54 69 39 30 0 55 14 39 47 52 42 61 51 26 40 55 30 18 56 62 39 25 68 48 60 45 36 33 41 68 46 55
94 14 56 97 40 63 47 16 35 59 85 53 35 94 85 45 25 89 50 81 22 91 33 42 38 36 71 67 40 34 70 43 101 46 69 97 76 57 89 66 75 67 36 42 77 57 60 76 82 14 69 34 45 29 72 45 82 60 51 103 81 73 44 76 46 2 63 26 22 103 92 26 55 0 66 19 85 20 90 88 25 47 70 33 44 39 99 91 90 78 45 33 99 39 19 47 57 36 40 89
28 64 19 36 81 5 50 50 44 67 19 42 68 30 66 33 43 30 39 24 55 35 44 52 33 29 17 16 26 45 5 43 36 57 37 51 27 50 65 30 37 9 34 66 12 55 39 71 18 64 69 61 21 60 6 79 18 32 16 77 72 43 43 25 19 68 33 81 61 74 36 40 14 66 0 48 53 59 44 70 57 27 49 59 43 27 59 70 39 23 82 53 64 58 47 33 54 81 48 63
75 16 37 81 51 46 32 8 17 60 67 36 42 77 80 35 16 70 33 66 24 77 16 28 26 19 52 48 22 29 52 37 82 33 59 86 62 52 83 47 64 48 17 34 58 54 42 75 65 25 69 38 28 21 54 54 64 49 33 97 79 64 37 62 29 21 52 42 17 96 78 9 39 19 48 0 76 14 78 83 16 28 63 24 38 21 89 86 77 63 55 20 91 40 8 29 53 49 25 82
65 91 69 42 72 49 96 72 83 41 57 91 62 49 17 41 62 77 87 36 63 33 84 95 50 62 70 69 60 51 56 42 70 101 18 20 27 30 13 82 16 63 73 107 60 32 90 30 48 74 33 57 56 97 52 66 64 28 60 24 27 13 41 29 56 86 25 83 93 22 33 68 47 85 53 76 0 91 17 20 92 73 15 97 41 62 16 18 25 34 70 92 14 51 70 79 32 75 91 10
85 7 45 93 59 58 28 20 18 73 78 35 52 89 94 49 30 77 33 79 36 90 17 22 41 32 59 56 35 43 62 51 91 26 73 100 76 66 97 51 78 57 25 22 68 68 42 88 77 32 82 49 40 9 65 63 73 64 43 112 93 78 52 75 41 22 67 46 3 111 91 23 52 20 59 14 91 0 92 98 5 34 78 13 52 33 104 100 91 76 64 13 105 53 21 33 67 56 21 96
50 94 62 25 84 41 92 76 82 56 43 86 73 32 34 45 65 64 82 22 70 16 82 93 52 61 60 60 59 57 46 49 54 98 22 8 18 41 30 74 15 53 71 105 48 45 83 48 34 81 50 67 53 97 42 79 51 30 55 36 45 20 48 19 53 92 27 93 95 33 16 69 42 90 44 78 17 92 0 37 92 68 28 97 48 60 15 35 8 22 83 90 21 61 73 75 44 87 88 27
85 97 84 62 65 65 107 78 94 33 76 104 59 68 4 50 68 96 100 55 65 53 94 106 58 72 87 86 71 55 74 47 90 112 33 38 46 31 8 98 34 79 84 116 78 31 104 16 67 75 22 56 68 105 70 59 83 40 74 17 10 27 46 48 69 89 38 80 100 18 53 77 61 88 70 83 20 98 37 0 100 86 22 106 45 73 30 4 45 53 62 101 23 50 76 92 31 70 102 11
82 13 42 92 64 57 22 23 15 76 75 30 57 87 96 51 32 73 29 78 40 89 13 17 42 31 56 52 34 46 60 53 88 21 74 100 76 69 99 47 79 54 23 18 65 71 38 91 75 37 85 53 40 5 63 68 70 64 41 113 95 79 54 75 40 27 67 52 5 112 90 24 51 25 57 16 92 5 92 100 0 31 79 8 55 33 104 102 90 75 68 8 106 56 24 29 70 61 16 98
50 40 10 63 74 28 24 33 17 72 44 18 63 57 82 37 32 42 14 50 45 61 18 25 31 17 25 21 16 42 29 45 57 30 55 76 51 59 83 20 57 23 11 39 34 62 19 82 45 50 78 57 17 34 33 75 38 46 13 96 85 60 45 49 17 49 49 68 36 94 62 22 26 47 27 28 73 34 68 86 31 0 64 32 46 15 82 87 64 48 77 26 86 56 31 6 61 73 21 81
67 78 62 49 57 44 86 59 72 28 58 82 47 53 18 29 48 77 78 38 48 40 72 85 37 51 66 65 50 36 53 28 73 91 12 33 28 15 20 76 17 58 62 95 58 17 82 23 49 59 23 42 47 84 50 52 64 18 53 34 23 9 27 30 47 72 16 68 81 33 40 56 40 70 49 63 15 78 28 22 79 64 0 86 26 51 31 23 33 35 55 80 29 36 57 70 17 61 81 19
82 20 42 95 72 59 17 31 16 84 76 26 65 89 103 57 39 72 26 81 47 92 15 11 48 36 55 52 38 53 61 60 88 13 79 104 80 76 105 44 84 55 26 10 66 78 34 98 77 45 92 61 43 4 65 76 70 70 43 120 102 85 61 79 44 35 73 59 11 118 93 30 55 33 59 24 97 13 97 106 8 32 86 0 61 37 109 108 94 79 76 6 111 64 31 28 77 69 13 104
70 52 48 61 39 39 65 33 50 26 60 64 27 62 42 11 23 73 59 47 22 53 50 63 15 30 58 55 30 10 48 1 76 68 26 55 38 14 45 63 33 50 41 72 55 17 65 37 53 33 32 20 30 60 47 37 62 19 38 60 41 29 1 39 31 46 22 45 55 59 54 32 30 44 43 38 41 52 48 45 55 46 26 61 0 31 56 48 50 43 40 56 55 16 31 52 16 41 59 45
55 37 20 60 60 25 35 24 22 57 46 32 48 56 69 23 19 51 28 46 32 56 22 34 16 3 33 30 1 27 31 30 62 40 43 68 43 44 71 34 47 28 11 46 38 48 34 68 44 39 63 42 7 37 33 61 43 34 12 84 71 49 30 42 8 41 37 57 36 83 57 13 18 39 27 21 62 33 60 73 33 15 51 37 31 0 73 74 58 43 63 31 75 42 21 20 47 60 30 69
64 105 77 37 88 55 106 86 95 57 57 100 78 45 29 55 76 78 96 37 78 29 95 106 63 73 75 75 71 66 61 57 67 112 31 10 32 46 23 88 26 68 84 118 63 48 97 44 49 89 48 73 66 109 56 83 66 40 69 24 40 27 56 34 66 101 37 99 106 20 29 81 56 99 59 89 16 104 15 30 104 82 31 109 56 73 0 27 22 37 86 103 9 67 84 88 48 92 102 20
83 99 84 60 69 65 109 80 95 37 75 105 62 66 6 52 70 95 101 54 68 51 95 108 60 74 87 86 73 57 73 49 88 114 33 35 45 34 5 98 33 79 85 118 77 34 105 20 66 78 26 59 69 107 70 63 82 41 75 13 15 27 48 47 70 92 38 83 103 14 51 79 62 91 70 86 18 100 35 4 102 87 23 108 48 74 27 0 43 52 66 103 19 53 79 93 34 74 104 8
42 93 57 17 88 36 88 76 79 61 35 81 76 24 42 45 65 56 78 16 71 8 79 89 52 59 54 54 56 58 40 51 46 94 25 13 15 46 38 68 18 48 68 102 41 49 78 54 27 82 56 70 51 94 36 84 44 31 52 44 52 25 50 15 50 92 29 95 93 41 8 68 39 90 39 77 25 91 8 45 90 64 33 94 50 58 22 43 0 16 87 88 29 65 73 70 49 90 85 34
32 79 41 19 82 20 72 63 63 61 23 65 70 19 49 35 53 43 62 4 62 13 64 73 41 45 38 38 42 49 24 43 38 78 24 28 7 43 47 52 19 31 53 87 26 48 62 59 14 72 58 63 36 79 20 79 30 25 36 57 58 27 43 5 35 80 23 87 79 54 14 54 25 78 23 63 34 76 22 53 75 48 35 79 43 43 37 52 16 0 82 72 43 59 60 54 47 84 69 44
109 58 82 100 5 77 87 47 72 29 99 90 14 101 61 50 45 111 86 86 32 91 71 83 49 60 95 91 62 37 87 40 116 88 62 88 77 41 67 96 69 88 68 86 94 38 95 46 93 31 40 21 65 73 87 3 100 57 73 79 52 62 40 78 66 44 59 23 66 80 92 55 68 45 82 55 70 64 83 62 68 77 55 76 40 63 86 66 87 82 0 74 81 24 48 81 38 10 80 68
76 20 36 88 70 53 15 27 9 79 70 23 62 83 97 51 34 66 21 75 44 86 9 9 43 30 50 46 32 48 55 55 83 14 73 98 73 70 100 39 78 49 20 16 60 73 30 93 71 43 88 57 37 8 59 73 64 64 37 114 97 79 55 72 38 34 67 58 13 112 87 24 48 33 53 20 92 13 90 101 8 26 80 6 56 31 103 103 88 72 74 0 105 60 27 22 72 67 8 98
71 106 81 45 84 60 109 87 97 53 64 104 75 53 22 56 76 85 100 44 77 37 97 109 64 75 81 80 74 65 66 56 75 115 32 18 37 44 16 94 28 73 86 121 69 45 102 38 56 88 43 71 69 111 62 78 73 42 73 15 33 27 55 39 69 101 39 96 108 12 37 82 60 99 64 91 14 105 21 23 106 86 29 111 55 75 9 19 29 43 81 105 0 64 85 92 45 88 105 14
85 50 60 77 24 54 71 33 56 20 75 72 12 77 47 26 26 87 68 62 17 68 55 68 27 39 72 69 41 14 63 16 92 73 40 68 53 21 52 75 47 64 49 74 70 20 75 37 69 25 30 6 42 61 63 21 77 34 51 66 42 41 16 54 44 40 36 32 56 66 69 37 45 39 58 40 51 53 61 50 56 56 36 64 16 42 67 53 65 59 24 60 64 0 33 61 19 26 64 52
75 21 39 78 45 45 39 3 24 52 66 42 35 75 73 29 9 71 38 63 17 73 23 35 21 18 53 50 21 22 51 30 82 41 53 81 58 45 76 50 59 49 21 42 58 47 47 67 64 20 61 30 27 29 53 47 64 44 33 91 72 58 30 58 28 21 47 37 24 90 74 8 36 19 47 8 70 21 73 76 24 31 57 31 31 21 84 79 73 60 48 27 85 33 0 33 46 43 32 75
54 39 14 68 77 34 17 35 14 78 48 12 66 62 88 43 36 44 8 56 49 67 16 20 36 22 27 24 22 47 34 51 60 24 61 82 57 65 89 18 64 27 13 34 38 68 14 88 50 53 83 61 24 31 38 79 42 52 19 103 91 67 51 56 23 50 55 70 34 101 68 25 33 47 33 29 79 33 75 92 29 6 70 28 52 20 88 93 70 54 81 22 92 61 33 0 67 76 16 87
77 66 62 63 40 49 80 47 66 14 67 79 30 66 28 24 38 83 75 50 34 54 65 78 31 45 70 67 45 24 59 17 84 84 24 50 40 4 33 77 31 62 57 87 65 1 80 21 59 44 16 25 44 75 57 35 71 23 52 47 26 24 17 42 45 58 24 51 70 47 55 48 41 57 54 53 32 67 44 31 70 61 17 77 16 47 48 34 49 47 38 72 45 19 46 67 0 43 74 33
109 50 79 102 5 77 81 41 66 36 99 85 14 103 68 50 41 109 81 88 28 94 65 76 48 57 92 89 59 36 86 41 116 81 65 93 79 46 74 93 73 86 63 78 93 43 90 55 94 24 48 21 63 65 86 12 100 60 71 87 61 67 42 80 64 36 62 13 58 88 95 51 68 36 81 49 75 56 87 70 61 73 61 69 41 60 92 74 90 84 10 67 88 26 43 76 43 0 74 75
70 29 30 84 76 49 7 33 9 83 64 14 67 78 98 52 38 59 13 71 49 82 9 4 44 30 43 40 31 52 50 57 76 10 73 96 71 72 100 32 77 43 18 18 54 75 22 96 66 50 90 62 35 16 54 79 58 64 34 114 99 79 58 70 36 42 66 66 21 113 83 27 46 40 48 25 91 21 88 102 16 21 81 13 59 30 102 104 85 69 80 8 105 64 32 16 74 74 0 99
75 96 78 52 71 58 103 77 91 39 67 99 63 58 9 47 67 87 95 46 66 42 91 103 56 69 80 79 67 55 66 46 80 109 26 27 37 32 3 92 26 72 80 114 70 33 98 25 58 77 29 58 64 103 62 65 74 35 69 16 20 21 45 39 64 90 32 84 99 14 43 74 55 89 63 82 10 96 27 11 98 81 19 104 45 69 20 8 34 44 68 98 14 52 75 87 33 75 99 0
