0 38 106 72 65 14 52 55 20 84 72 53 91 26 22 103 87 67 52 37 23 21 1 63 51 100 112 63 25 34 88 42 122 61 52 91 60 79 72 89 55 42 93 10 38 105 81 19 105 43
38 0 68 40 50 24 19 27 25 48 51 33 62 13 37 65 51 30 22 29 33 29 39 44 37 63 74 25 14 29 50 26 84 25 42 56 27 59 50 60 35 25 61 32 9 69 45 20 68 29
106 68 0 43 76 92 61 65 90 29 67 76 60 80 102 4 32 42 60 87 97 95 107 70 83 13 15 43 81 89 21 75 16 48 89 36 50 80 66 59 68 78 39 99 71 34 28 88 31 81
72 40 43 0 33 59 46 55 53 15 26 66 74 47 77 42 49 35 21 68 72 69 73 27 72 33 56 22 49 68 37 34 58 38 78 56 13 84 25 73 25 61 21 64 47 64 16 58 62 65
65 50 76 33 0 56 65 75 46 47 10 83 102 49 79 75 80 62 30 78 76 71 65 7 87 64 89 48 49 77 70 26 90 62 92 87 33 106 11 101 15 74 43 55 59 96 49 59 94 78
14 24 92 59 56 0 39 43 11 70 61 44 80 12 23 88 74 53 38 30 21 17 15 53 43 86 98 49 11 27 74 31 108 48 45 78 47 71 61 78 44 32 80 10 25 91 67 7 91 35
52 19 61 46 65 39 0 9 43 49 64 19 43 30 42 57 36 19 36 26 38 36 52 59 26 59 64 25 31 28 41 44 76 13 32 40 36 41 63 41 50 17 65 48 14 53 44 32 54 21
55 27 65 55 75 43 9 0 49 57 73 11 37 36 42 61 37 25 45 23 37 36 56 68 18 65 66 34 37 26 45 53 80 19 25 39 45 32 73 35 60 14 73 53 20 53 52 36 54 16
20 25 90 53 46 11 43 49 0 66 52 52 86 13 34 87 76 55 33 40 32 28 20 43 53 82 98 47 12 37 74 22 106 50 55 81 42 79 52 84 35 41 74 10 29 94 64 17 93 44
84 48 29 15 47 70 49 57 66 0 38 68 69 58 85 28 40 34 33 74 81 77 85 41 75 18 42 25 59 75 27 48 44 38 81 47 24 82 37 67 40 66 17 76 54 53 5 68 51 70
72 51 67 26 10 61 64 73 52 38 0 82 98 52 83 66 74 58 29 80 79 75 72 9 87 55 81 44 53 79 63 30 80 59 92 81 29 104 1 97 17 75 33 62 59 89 41 63 87 79
53 33 76 66 83 44 19 11 52 68 82 0 40 40 36 72 47 36 54 17 33 33 54 77 8 76 76 44 40 20 55 59 90 30 14 47 55 27 82 38 68 11 84 54 25 60 63 36 62 10
91 62 60 74 102 80 43 37 86 69 98 40 0 73 76 56 29 40 73 57 72 72 92 96 45 66 52 54 74 60 43 85 69 41 48 24 69 25 97 2 88 50 86 90 56 30 63 73 33 49
26 13 80 47 49 12 30 36 13 58 52 40 73 0 31 77 63 42 27 30 27 23 27 45 42 74 87 37 1 29 63 23 96 37 45 68 35 67 52 71 35 29 69 20 16 81 55 11 81 33
22 37 102 77 79 23 42 42 34 85 83 36 76 31 0 99 78 61 58 19 5 8 23 75 32 99 106 62 30 16 83 53 118 54 31 81 64 60 83 74 66 27 98 29 32 94 82 20 95 27
103 65 4 42 75 88 57 61 87 28 66 72 56 77 99 0 28 38 57 83 94 91 103 69 79 14 14 40 78 85 17 73 20 44 85 32 48 76 65 56 67 74 39 96 67 31 26 84 28 77
87 51 32 49 80 74 36 37 76 40 74 47 29 63 78 28 0 21 54 61 74 72 88 73 54 37 29 33 65 63 14 68 45 26 60 7 47 48 73 28 67 52 57 83 50 18 35 68 18 54
67 30 42 35 62 53 19 25 55 34 58 36 40 42 61 38 21 0 34 45 56 54 68 56 43 41 46 14 44 47 22 48 58 6 49 27 29 49 57 38 49 36 51 62 30 39 28 48 39 39
52 22 60 21 30 38 36 45 33 33 29 54 73 27 58 57 54 34 0 52 53 49 52 23 59 51 70 21 28 51 47 16 76 33 64 60 9 76 28 72 15 46 42 43 31 71 32 38 70 51
37 29 87 68 78 30 26 23 40 74 80 17 57 30 19 83 61 45 52 0 15 16 38 73 14 85 89 49 30 3 67 53 103 39 16 63 56 42 80 55 64 9 89 39 21 76 70 23 77 8
23 33 97 72 76 21 38 37 32 81 79 33 72 27 5 94 74 56 53 15 0 4 24 72 29 94 101 57 26 12 78 50 113 50 29 76 60 57 79 70 62 23 93 28 27 90 77 16 90 23
21 29 95 69 71 17 36 36 28 77 75 33 72 23 8 91 72 54 49 16 4 0 22 67 30 91 99 54 22 13 76 46 111 47 31 75 56 59 75 70 58 23 90 24 24 89 74 12 89 23
1 39 107 73 65 15 52 56 20 85 72 54 92 27 23 103 88 68 52 38 24 22 0 63 52 100 113 64 25 35 89 42 123 62 52 92 61 80 72 90 55 43 94 10 39 106 82 20 106 44
63 44 70 27 7 53 59 68 43 41 9 77 96 45 75 69 73 56 23 73 72 67 63 0 81 59 83 42 45 72 64 22 84 55 86 80 26 100 9 94 9 69 39 53 53 90 43 55 88 73
51 37 83 72 87 43 26 18 53 75 87 8 45 42 32 79 54 43 59 14 29 30 52 81 0 83 83 51 42 17 63 63 98 37 6 55 61 28 87 43 72 13 91 53 28 67 70 36 69 9
100 63 13 33 64 86 59 65 82 18 55 76 66 74 99 14 37 41 51 85 94 91 100 59 83 0 27 37 75 86 23 66 26 46 89 43 41 84 54 66 58 76 26 92 67 44 19 82 41 80
112 74 15 56 89 98 64 66 98 42 81 76 52 87 106 14 29 46 70 89 101 99 113 83 83 27 0 51 88 91 24 85 17 52 89 30 61 75 80 52 80 80 53 106 76 23 40 93 20 82
63 25 43 22 48 49 25 34 47 25 44 44 54 37 62 40 33 14 21 49 57 54 64 42 51 37 51 0 38 50 27 36 59 16 57 39 15 62 43 53 35 41 40 56 30 50 20 45 49 45
25 14 81 49 49 11 31 37 12 59 53 40 74 1 30 78 65 44 28 30 26 22 25 45 42 75 88 38 0 28 64 24 98 38 45 69 36 67 53 72 36 29 70 18 17 82 57 10 82 33
34 29 89 68 77 27 28 26 37 75 79 20 60 29 16 85 63 47 51 3 12 13 35 72 17 86 91 50 28 0 69 51 104 40 18 65 56 45 79 58 63 11 89 36 21 78 71 21 79 10
88 50 21 37 70 74 41 45 74 27 63 55 43 63 83 17 14 22 47 67 78 76 89 64 63 23 24 27 64 69 0 63 36 28 69 21 39 61 62 43 59 58 43 82 52 26 22 69 24 61
42 26 75 34 26 31 44 53 22 48 30 59 85 23 53 73 68 48 16 53 50 46 42 22 63 66 85 36 24 51 63 0 91 45 67 75 25 85 30 83 13 50 53 32 35 86 47 34 85 54
122 84 16 58 90 108 76 80 106 44 80 90 69 96 118 20 45 58 76 103 113 111 123 84 98 26 17 59 98 104 36 91 0 64 104 47 66 92 79 69 84 93 49 115 87 40 43 104 37 96
61 25 48 38 62 48 13 19 50 38 59 30 41 37 54 44 26 6 33 39 50 47 62 55 37 46 52 16 38 40 28 45 64 0 43 31 30 46 58 39 48 30 55 57 24 44 33 42 44 33
52 42 89 78 92 45 32 25 55 81 92 14 48 45 31 85 60 49 64 16 29 31 52 86 6 89 89 57 45 18 69 67 104 43 0 60 66 29 92 47 77 17 97 55 33 72 76 39 74 13
91 56 36 56 87 78 40 39 81 47 81 47 24 68 81 32 7 27 60 63 76 75 92 80 55 43 30 39 69 65 21 75 47 31 60 0 54 45 80 23 74 54 64 88 54 13 42 72 14 55
60 27 50 13 33 47 36 45 42 24 29 55 69 35 64 48 47 29 9 56 60 56 61 26 61 41 61 15 36 56 39 25 66 30 66 54 0 75 28 68 20 49 34 52 35 64 23 45 63 54
79 59 80 84 106 71 41 32 79 82 104 27 25 67 60 76 48 49 76 42 57 59 80 100 28 84 75 62 67 45 61 85 92 46 29 45 75 0 104 24 91 38 99 80 51 54 77 63 56 36
72 50 66 25 11 61 63 73 52 37 1 82 97 52 83 65 73 57 28 80 79 75 72 9 87 54 80 43 53 79 62 30 79 58 92 80 28 104 0 96 17 75 32 62 59 88 40 63 86 79
89 60 59 73 101 78 41 35 84 67 97 38 2 71 74 56 28 38 72 55 70 70 90 94 43 66 52 53 72 58 43 83 69 39 47 23 68 24 96 0 87 48 85 88 54 30 62 71 33 48
55 35 68 25 15 44 50 60 35 40 17 68 88 35 66 67 67 49 15 64 62 58 55 9 72 58 80 35 36 63 59 13 84 48 77 74 20 91 17 87 0 59 42 45 44 85 41 46 83 64
42 25 78 61 74 32 17 14 41 66 75 11 50 29 27 74 52 36 46 9 23 23 43 69 13 76 80 41 29 11 58 50 93 30 17 54 49 38 75 48 59 0 81 42 16 67 61 25 68 4
93 61 39 21 43 80 65 73 74 17 33 84 86 69 98 39 57 51 42 89 93 90 94 39 91 26 53 40 70 89 43 53 49 55 97 64 34 99 32 85 42 81 0 84 68 68 23 79 65 85
10 32 99 64 55 10 48 53 10 76 62 54 90 20 29 96 83 62 43 39 28 24 10 53 53 92 106 56 18 36 82 32 115 57 55 88 52 80 62 88 45 42 84 0 34 101 74 17 101 44
38 9 71 47 59 25 14 20 29 54 59 25 56 16 32 67 50 30 31 21 27 24 39 53 28 67 76 30 17 21 52 35 87 24 33 54 35 51 59 54 44 16 68 34 0 67 50 18 67 20
105 69 34 64 96 91 53 53 94 53 89 60 30 81 94 31 18 39 71 76 90 89 106 90 67 44 23 50 82 78 26 86 40 44 72 13 64 54 88 30 85 67 68 101 67 0 49 85 3 69
81 45 28 16 49 67 44 52 64 5 41 63 63 55 82 26 35 28 32 70 77 74 82 43 70 19 40 20 57 71 22 47 43 33 76 42 23 77 40 62 41 61 23 74 50 49 0 65 47 65
19 20 88 58 59 7 32 36 17 68 63 36 73 11 20 84 68 48 38 23 16 12 20 55 36 82 93 45 10 21 69 34 104 42 39 72 45 63 63 71 46 25 79 17 18 85 65 0 86 27
105 68 31 62 94 91 54 54 93 51 87 62 33 81 95 28 18 39 70 77 90 89 106 88 69 41 20 49 82 79 24 85 37 44 74 14 63 56 86 33 83 68 65 101 67 3 47 86 0 70
43 29 81 65 78 35 21 16 44 70 79 10 49 33 27 77 54 39 51 8 23 23 44 73 9 80 82 45 33 10 61 54 96 33 13 55 54 36 79 48 64 4 85 44 20 69 65 27 70 0
