0 66 78 68 4 38 40 66 50 72 91 64 73 98 26 53 68 100 49 88 81 27 87 40 81 77 33 42 86 50 48 66 46 90 22 83 91 85 66 16 53 98 44 74 93 59 52 38 14 41 35 79 22 81 81 62 63 17 62 62 45 69 87 7 48 71 93 54 79 58 90 37 18 43 87 93 23 39 40 11 44 76 57 89 63 58 72 38 77 51 51 75 49 106 21 41 41 70 60 44
66 0 14 45 67 78 63 47 61 37 28 23 39 47 66 46 15 54 17 29 15 41 23 64 32 23 45 57 43 52 23 39 31 40 53 24 32 33 25 66 26 42 47 45 41 31 24 57 67 67 79 22 45 48 21 51 3 51 30 32 60 41 51 66 70 37 28 26 36 41 51 79 70 27 21 33 43 61 59 60 22 42 9 39 52 64 20 34 11 44 40 21 41 45 58 62 72 9 22 70
78 14 0 45 80 87 70 47 74 35 15 24 37 36 79 50 15 44 30 16 4 52 10 77 37 28 54 71 36 57 32 49 39 31 63 13 30 36 25 77 32 41 60 54 31 34 31 64 80 74 88 25 58 55 22 63 16 64 31 33 73 40 45 79 84 46 20 31 43 53 44 88 81 41 9 21 55 75 67 72 34 51 22 29 64 77 27 48 4 49 45 14 47 40 68 76 86 9 34 84
68 45 45 0 71 55 38 3 92 11 47 22 10 37 83 16 31 35 42 40 49 43 46 89 78 69 35 85 23 21 32 81 27 30 46 38 75 78 21 58 23 85 78 88 35 15 27 34 78 41 58 66 59 92 65 90 44 62 16 14 89 5 19 73 98 80 65 23 81 80 23 57 60 56 52 43 50 87 35 57 43 86 42 31 91 98 65 61 48 17 17 31 19 85 48 89 96 40 63 96
4 67 80 71 0 41 44 69 48 75 93 67 76 101 23 57 70 103 50 90 82 30 89 37 81 77 36 40 89 54 50 66 48 93 26 85 92 85 68 19 56 98 43 74 96 62 54 42 11 45 38 80 23 81 82 61 64 17 65 65 43 72 90 4 46 71 94 57 78 57 93 40 21 44 88 96 25 37 44 15 46 75 58 92 62 56 73 38 78 54 54 78 52 106 25 39 38 72 60 41
38 78 87 55 41 0 17 52 86 64 95 64 64 92 64 41 72 90 63 90 90 40 93 77 104 97 33 78 78 34 56 95 48 84 29 86 109 106 65 23 55 118 77 103 89 55 56 23 52 14 4 98 51 110 98 95 75 48 59 58 82 59 74 45 86 98 105 55 103 88 78 2 20 66 96 94 43 76 21 30 59 103 69 85 96 94 92 65 87 41 43 77 41 123 24 78 79 78 82 82
40 63 70 38 44 17 0 35 81 47 78 47 46 75 63 23 56 73 49 73 74 30 76 74 91 83 20 73 60 17 40 84 32 67 21 68 94 93 47 25 38 104 70 93 71 38 40 6 53 4 20 83 44 99 84 87 60 44 41 40 77 41 57 47 84 87 89 39 91 79 61 19 26 55 79 77 35 73 4 29 46 92 55 67 88 89 78 56 71 23 26 60 24 107 19 75 78 62 70 80
66 47 47 3 69 52 35 0 91 14 49 24 13 40 82 13 33 38 43 43 51 42 49 88 79 70 33 85 26 18 32 81 26 33 44 40 77 80 22 56 23 87 77 89 38 16 27 32 76 38 55 68 58 93 67 90 45 61 17 15 89 8 22 71 97 81 67 23 82 80 26 54 58 56 55 46 49 86 32 55 43 87 43 34 91 98 67 61 50 15 16 34 17 87 46 88 95 41 64 95
50 61 74 92 48 86 81 91 0 89 89 75 91 107 26 82 73 112 51 89 74 53 84 11 53 55 64 8 100 83 60 32 65 100 60 85 68 57 78 63 69 70 14 36 101 77 65 77 38 84 83 59 37 42 63 19 59 38 78 80 4 90 105 43 11 38 78 70 47 23 107 85 67 37 79 94 47 11 79 56 50 39 56 98 19 8 52 31 70 79 77 80 76 81 63 9 18 69 40 13
72 37 35 11 75 64 47 14 89 0 35 15 2 28 84 23 22 28 38 29 38 45 35 88 69 60 39 83 14 30 29 74 27 20 51 26 65 69 12 64 21 75 75 82 25 13 24 42 80 50 67 57 59 85 56 85 36 64 11 10 87 6 16 76 97 73 54 20 73 74 19 66 66 52 42 32 52 86 43 62 39 79 36 21 86 95 57 59 38 24 22 21 24 74 54 87 95 30 57 95
91 28 15 47 93 95 78 49 89 35 0 30 37 25 94 56 23 34 44 7 15 64 5 92 48 40 64 85 31 62 43 63 49 23 74 9 38 47 30 88 41 47 75 67 21 40 41 72 94 82 97 36 72 67 33 77 31 78 37 38 88 42 40 92 98 59 23 40 55 67 38 96 92 55 12 7 68 89 74 83 47 63 36 21 78 91 40 63 19 55 52 17 54 42 79 90 101 21 49 98
64 23 24 22 67 64 47 24 75 15 30 0 16 35 73 26 9 38 24 26 28 37 28 75 55 46 34 70 25 33 17 60 19 26 45 21 53 56 2 59 11 63 61 67 29 10 13 42 70 51 66 44 48 70 43 70 22 53 7 9 74 18 30 67 83 59 44 10 59 60 31 66 62 38 33 30 42 73 44 55 26 64 21 26 71 81 43 45 26 25 22 13 23 64 49 74 83 17 42 82
73 39 37 10 76 64 46 13 91 2 37 16 0 28 85 23 24 28 40 30 40 46 37 89 71 62 40 85 14 29 31 76 28 21 51 28 67 71 14 64 22 77 77 84 25 14 26 42 81 50 66 59 60 87 58 87 38 65 13 11 89 5 15 76 98 75 56 21 75 76 17 66 67 54 43 33 53 87 43 62 41 81 38 21 87 96 59 60 40 24 22 22 24 76 54 89 97 32 59 96
98 47 36 37 101 92 75 40 107 28 25 35 28 0 107 51 34 9 57 20 38 71 29 108 73 64 67 102 15 58 51 85 53 8 78 23 63 71 33 92 45 73 93 90 6 39 47 70 105 78 95 60 83 91 57 98 48 88 37 36 106 33 21 101 116 82 48 44 79 88 18 94 94 71 37 18 77 106 71 89 60 87 51 9 99 111 64 78 41 52 50 27 52 67 81 107 116 38 69 115
26 66 79 83 23 64 63 82 26 84 94 73 85 107 0 71 73 111 51 93 81 40 89 15 70 68 50 19 97 70 56 51 57 99 43 88 83 74 75 41 64 88 26 57 102 71 60 60 12 65 61 72 25 64 75 42 63 21 73 74 21 83 100 19 22 57 89 64 65 42 103 63 44 39 86 98 33 15 62 35 47 60 58 98 43 34 64 31 76 68 67 81 65 97 44 17 15 72 51 18
53 46 50 16 57 41 23 13 82 23 56 26 23 51 71 0 35 50 37 50 54 30 54 78 77 69 21 75 37 7 26 76 18 44 31 46 78 79 26 43 20 88 69 84 48 16 23 19 64 27 43 68 47 89 67 83 44 49 19 18 79 18 35 58 87 77 70 20 79 73 39 43 45 48 59 54 37 76 20 42 36 83 40 44 84 89 65 52 52 3 6 39 6 89 33 78 84 43 60 85
68 15 15 31 70 72 56 33 73 22 23 9 24 34 73 35 0 40 23 20 18 41 20 74 47 38 41 68 28 42 20 54 25 27 51 15 44 47 11 65 18 54 59 60 29 19 17 50 72 60 74 35 50 63 34 66 15 56 17 18 72 27 35 70 82 52 35 17 51 55 36 74 68 36 23 25 45 72 52 60 26 57 17 25 66 77 35 44 17 34 30 8 32 54 55 73 82 8 37 81
100 54 44 35 103 90 73 38 112 28 34 38 28 9 111 50 40 0 62 29 46 73 38 113 81 72 67 108 14 56 55 92 55 13 79 31 72 80 36 92 47 81 98 98 13 41 50 69 107 76 93 68 86 99 66 105 54 91 38 38 111 32 16 103 121 89 57 47 87 95 12 92 94 76 46 27 79 111 70 90 64 94 57 15 106 117 71 83 48 51 50 33 52 76 82 112 121 45 76 120
49 17 30 42 50 63 49 43 51 38 44 24 40 57 51 37 23 62 0 42 32 24 39 51 42 34 30 46 49 41 11 39 19 49 36 37 46 44 26 49 19 55 37 47 51 27 15 43 50 53 63 35 28 52 36 47 14 34 27 29 50 40 54 49 59 39 45 20 43 37 56 64 53 14 38 47 26 49 46 43 4 46 8 48 48 57 29 21 28 34 31 30 31 60 41 50 60 22 22 58
88 29 16 40 90 90 73 43 89 29 7 26 30 20 93 50 20 29 42 0 18 61 9 92 53 44 60 86 24 57 40 66 44 17 70 5 43 51 25 84 36 53 76 70 15 35 37 67 92 77 92 40 70 71 37 79 31 76 31 32 89 35 34 90 99 62 29 36 59 69 32 91 88 55 17 5 65 90 69 80 46 67 35 15 80 93 44 62 21 50 47 13 48 49 75 91 101 21 50 99
81 15 4 49 82 90 74 51 74 38 15 28 40 38 81 54 18 46 32 18 0 55 10 78 35 26 57 71 39 60 35 48 42 34 66 15 27 34 29 80 36 37 61 53 33 38 34 67 82 78 91 22 60 53 19 62 18 66 35 37 74 44 48 81 84 44 16 35 41 53 47 91 84 42 6 21 58 75 70 74 36 49 24 32 63 77 26 49 4 52 49 18 50 36 71 76 87 12 34 84
27 41 52 43 30 40 30 42 53 45 64 37 46 71 40 30 41 73 24 61 55 0 61 48 64 57 11 46 59 30 21 55 18 63 12 56 70 66 38 25 26 79 41 64 66 32 24 24 35 33 40 58 17 70 60 57 38 19 35 35 50 43 61 30 57 58 69 27 63 49 64 41 29 26 61 66 7 46 27 19 20 64 32 62 58 61 52 26 52 27 26 48 25 84 17 48 54 44 42 55
87 23 10 46 89 93 76 49 84 35 5 28 37 29 89 54 20 38 39 9 10 61 0 87 44 36 61 80 33 61 40 58 46 26 71 9 34 42 29 85 38 44 70 62 24 38 38 70 90 80 94 31 67 63 28 72 26 73 35 36 83 41 42 88 94 54 20 37 50 62 40 94 89 50 8 12 64 85 72 80 43 59 31 24 73 86 36 58 14 53 50 16 52 40 75 85 96 17 44 93
40 64 77 89 37 77 74 88 11 88 92 75 89 108 15 78 74 113 51 92 78 48 87 0 61 61 59 7 100 78 59 41 62 100 53 87 75 65 77 54 67 78 17 46 102 75 64 70 27 77 74 65 31 53 69 29 61 31 76 78 7 88 104 33 9 47 84 68 56 31 106 76 57 37 83 97 41 2 73 47 49 49 57 99 30 19 58 30 74 75 73 81 72 89 55 2 9 71 45 7
81 32 37 78 81 104 91 79 53 69 48 55 71 73 70 77 47 81 42 53 35 64 44 61 0 9 71 54 73 82 51 21 60 68 76 50 15 4 57 87 58 17 45 21 68 63 54 84 77 95 103 13 59 19 16 36 34 65 62 64 55 73 81 79 64 15 29 57 7 30 81 104 91 39 36 55 62 59 87 80 45 17 37 66 36 52 13 43 33 75 71 50 72 28 81 59 70 39 22 66
77 23 28 69 77 97 83 70 55 60 40 46 62 64 68 69 38 72 34 44 26 57 36 61 9 0 64 54 64 74 43 24 52 60 69 41 14 10 48 81 49 21 44 27 59 55 46 77 74 87 97 5 55 27 9 39 25 60 53 55 56 64 73 75 66 19 24 49 14 31 72 98 86 34 29 48 57 59 80 74 38 23 29 58 40 55 5 39 24 66 63 41 64 29 74 59 70 30 18 67
33 45 54 35 36 33 20 33 64 39 64 34 40 67 50 21 41 67 30 60 57 11 61 59 71 64 0 57 54 19 22 65 16 58 11 55 76 74 35 25 23 85 52 73 62 27 23 14 43 24 34 64 28 79 65 68 42 29 30 30 61 36 54 38 68 67 72 24 72 60 57 34 28 35 63 65 18 57 17 22 27 73 36 58 69 72 59 37 54 18 18 47 16 89 15 59 64 46 51 65
42 57 71 85 40 78 73 85 8 83 85 70 85 102 19 75 68 108 46 86 71 46 80 7 54 54 57 0 95 76 54 34 59 95 52 81 68 58 72 55 63 71 10 39 97 71 59 69 30 76 75 59 29 46 62 23 55 30 72 74 4 83 99 36 13 40 77 64 49 24 101 77 59 32 76 91 39 5 72 48 44 42 51 94 24 16 51 25 67 72 70 76 69 82 55 5 16 65 38 13
86 43 36 23 89 78 60 26 100 14 31 25 14 15 97 37 28 14 49 24 39 59 33 100 73 64 54 95 0 43 41 82 41 8 65 24 66 72 23 78 34 76 86 88 13 27 37 56 93 64 80 61 72 90 58 94 43 77 25 24 98 19 9 90 108 80 53 33 78 83 8 79 81 63 40 25 65 98 57 76 51 85 45 10 95 105 62 70 40 38 36 23 38 73 68 99 108 35 65 107
50 52 57 21 54 34 17 18 83 30 62 33 29 58 70 7 42 56 41 57 60 30 61 78 82 74 19 76 43 0 31 80 22 50 28 53 83 84 32 38 25 93 70 88 54 23 28 14 62 20 37 73 47 93 73 85 49 48 26 25 80 24 40 56 87 81 76 26 84 76 44 36 40 51 65 61 37 76 14 39 39 87 45 50 86 90 69 54 58 8 11 45 10 95 29 78 84 49 64 85
48 23 32 32 50 56 40 32 60 29 43 17 31 51 56 26 20 55 11 40 35 21 40 59 51 43 22 54 41 31 0 50 9 43 31 35 54 53 19 45 9 64 46 58 46 17 5 34 53 45 56 43 31 63 43 58 20 36 18 19 58 30 45 50 67 50 50 9 53 48 47 57 49 24 41 45 25 57 37 40 11 56 14 43 59 66 39 30 32 24 20 27 21 67 36 58 67 23 33 66
66 39 49 81 66 95 84 81 32 74 63 60 76 85 51 76 54 92 39 66 48 55 58 41 21 24 65 34 82 80 50 0 58 79 66 62 36 25 62 75 58 38 25 9 80 65 54 78 59 88 94 29 46 15 33 15 39 50 65 67 34 77 89 63 43 6 48 58 15 9 90 95 79 29 52 70 51 39 82 67 40 9 39 78 16 31 23 30 45 73 70 59 70 49 71 38 49 47 17 45
46 31 39 27 48 48 32 26 65 27 49 19 28 53 57 18 25 55 19 44 42 18 46 62 60 52 16 59 41 22 9 58 0 44 26 40 63 62 20 40 8 72 52 66 48 14 8 25 53 36 49 52 33 71 52 65 28 37 16 17 63 25 43 49 72 59 58 9 62 55 45 49 43 30 48 49 25 60 28 36 18 65 23 44 66 72 48 35 39 15 12 31 12 76 30 62 70 31 42 69
90 40 31 30 93 84 67 33 100 20 23 26 21 8 99 44 27 13 49 17 34 63 26 100 68 60 58 95 8 50 43 79 44 0 70 18 60 67 25 83 37 70 86 85 4 31 39 62 96 70 87 56 75 86 53 92 41 80 28 28 98 26 17 93 108 76 46 36 74 82 15 86 86 63 34 17 68 98 64 80 52 82 44 2 93 104 58 70 36 44 42 20 44 66 73 99 109 32 63 107
22 53 63 46 26 29 21 44 60 51 74 45 51 78 43 31 51 79 36 70 66 12 71 53 76 69 11 52 65 28 31 66 26 70 0 65 82 78 46 14 34 91 49 75 73 38 33 17 34 24 28 70 23 81 72 67 50 22 41 42 56 47 65 28 62 69 80 35 75 60 68 29 18 37 72 75 15 52 20 11 32 75 43 69 68 68 64 37 63 29 29 57 27 96 5 54 57 55 54 59
83 24 13 38 85 86 68 40 85 26 9 21 28 23 88 46 15 31 37 5 15 56 9 87 50 41 55 81 24 53 35 62 40 18 65 0 42 49 21 80 32 52 71 67 18 30 32 63 87 72 87 37 65 68 35 75 26 70 27 28 84 33 33 85 94 59 29 31 56 65 32 87 83 50 16 10 60 85 65 75 41 64 30 16 76 88 40 57 17 46 42 8 44 49 70 86 96 16 46 94
91 32 30 75 92 109 94 77 68 65 38 53 67 63 83 78 44 72 46 43 27 70 34 75 15 14 76 68 66 83 54 36 63 60 82 42 0 12 54 95 58 10 58 36 59 62 55 88 88 98 109 12 69 33 11 51 34 74 60 62 69 70 75 89 79 30 16 57 22 44 74 110 99 48 26 45 70 73 91 87 50 32 40 58 52 67 19 53 27 75 72 45 73 15 87 73 84 35 32 80
85 33 36 78 85 106 93 80 57 69 47 56 71 71 74 79 47 80 44 51 34 66 42 65 4 10 74 58 72 84 53 25 62 67 78 49 12 0 58 90 59 14 49 25 66 64 56 87 80 97 106 12 62 22 14 40 35 68 63 65 59 74 81 82 68 19 26 59 11 34 81 107 94 42 35 54 65 63 90 83 47 20 39 66 40 56 14 47 32 76 73 50 73 24 83 63 74 39 25 70
66 25 25 21 68 65 47 22 78 12 30 2 14 33 75 26 11 36 26 25 29 38 29 77 57 48 35 72 23 32 19 62 20 25 46 21 54 58 0 60 12 65 63 69 28 9 14 42 72 51 66 46 50 72 45 72 24 55 6 8 76 16 28 68 86 61 45 11 61 62 29 66 63 41 33 30 44 75 44 56 28 67 23 24 73 83 45 47 28 25 21 13 23 65 50 76 85 19 45 84
16 66 77 58 19 23 25 56 63 64 88 59 64 92 41 43 65 92 49 84 80 25 85 54 87 81 25 55 78 38 45 75 40 83 14 80 95 90 60 0 48 103 55 83 87 52 48 25 30 26 20 83 30 90 84 73 63 26 55 55 59 60 77 23 63 79 94 49 86 68 81 22 4 48 86 89 25 53 26 8 45 84 57 83 74 71 76 46 77 41 42 71 40 109 10 55 56 69 65 59
53 26 32 23 56 55 38 23 69 21 41 11 22 45 64 20 18 47 19 36 36 26 38 67 58 49 23 63 34 25 9 58 8 37 34 32 58 59 12 48 0 68 55 66 40 8 4 32 60 42 56 48 39 70 48 66 24 43 9 11 67 21 37 56 76 58 52 1 60 57 39 56 51 33 41 41 32 65 34 44 20 64 20 36 67 75 45 39 33 17 14 24 15 70 38 67 75 24 41 74
98 42 41 85 98 118 104 87 70 75 47 63 77 73 88 88 54 81 55 53 37 79 44 78 17 21 85 71 76 93 64 38 72 70 91 52 10 14 65 103 68 0 62 36 68 72 65 97 94 108 118 21 76 31 21 52 44 81 70 72 72 81 85 96 81 32 24 68 23 47 84 119 107 55 36 54 78 77 100 95 59 31 49 68 52 68 26 60 37 86 82 55 83 12 96 76 87 46 38 83
44 47 60 78 43 77 70 77 14 75 75 61 77 93 26 69 59 98 37 76 61 41 70 17 45 44 52 10 86 70 46 25 52 86 49 71 58 49 63 55 55 62 0 32 87 63 51 65 35 73 75 48 26 39 51 18 45 29 64 66 13 76 91 39 23 31 66 56 40 16 93 77 59 23 66 80 35 15 68 47 36 34 42 84 19 20 40 17 57 66 63 66 63 72 53 16 26 55 28 23
74 45 54 88 74 103 93 89 36 82 67 67 84 90 57 84 60 98 47 70 53 64 62 46 21 27 73 39 88 88 58 9 66 85 75 67 36 25 69 83 66 36 32 0 85 73 62 87 66 97 102 32 54 7 35 17 45 58 72 74 39 85 96 70 46 9 50 66 14 16 96 103 88 38 55 74 60 44 90 75 49 4 46 83 17 33 27 38 50 81 78 66 78 48 79 43 54 53 25 49
93 41 31 35 96 89 71 38 101 25 21 29 25 6 102 48 29 13 51 15 33 66 24 102 68 59 62 97 13 54 46 80 48 4 73 18 59 66 28 87 40 68 87 85 0 35 42 66 99 75 91 55 77 86 52 93 42 83 32 32 100 30 21 96 110 77 44 39 74 82 18 90 90 65 32 14 71 100 68 84 54 81 45 4 93 105 58 72 35 48 46 21 48 63 77 101 111 33 63 109
59 31 34 15 62 55 38 16 77 13 40 10 14 39 71 16 19 41 27 35 38 32 38 75 63 55 27 71 27 23 17 65 14 31 38 30 62 64 9 52 8 72 63 73 35 0 12 33 67 42 57 53 46 77 52 74 30 50 3 3 75 13 29 63 84 65 54 8 66 64 32 57 55 41 42 39 39 73 35 49 28 71 27 31 75 83 51 47 36 15 12 22 14 73 42 75 83 27 48 82
52 24 31 27 54 56 40 27 65 24 41 13 26 47 60 23 17 50 15 37 34 24 38 64 54 46 23 59 37 28 5 54 8 39 33 32 55 56 14 48 4 65 51 62 42 12 0 33 57 44 57 45 36 66 45 62 21 41 13 14 63 25 40 54 72 54 50 4 56 52 42 57 51 29 40 42 29 62 36 43 16 60 17 38 63 71 41 35 31 21 17 24 18 68 38 63 71 22 37 71
38 57 64 34 42 23 6 32 77 42 72 42 42 70 60 19 50 69 43 67 67 24 70 70 84 77 14 69 56 14 34 78 25 62 17 63 88 87 42 25 32 97 65 87 66 33 33 0 51 11 25 77 39 93 77 81 54 40 36 35 73 37 54 44 80 80 83 33 85 73 58 24 26 49 73 71 30 69 3 27 40 86 48 63 82 84 72 50 65 18 21 55 19 101 17 71 75 56 64 76
14 67 80 78 11 52 53 76 38 80 94 70 81 105 12 64 72 107 50 92 82 35 90 27 77 74 43 30 93 62 53 59 53 96 34 87 88 80 72 30 60 94 35 66 99 67 57 51 0 55 49 77 22 74 79 52 64 17 69 70 33 78 95 7 35 64 92 61 73 50 98 51 32 41 88 97 28 27 53 24 47 69 58 96 53 46 69 35 78 61 60 80 59 103 34 29 27 73 56 30
41 67 74 41 45 14 4 38 84 50 82 51 50 78 65 27 60 76 53 77 78 33 80 77 95 87 24 76 64 20 45 88 36 70 24 72 98 97 51 26 42 108 73 97 75 42 44 11 55 0 17 87 47 103 88 90 64 46 45 44 80 45 60 48 86 90 94 43 95 83 64 16 25 59 83 81 38 75 8 31 50 96 59 71 91 92 83 60 75 27 30 64 28 112 21 77 80 66 74 82
35 79 88 58 38 4 20 55 83 67 97 66 66 95 61 43 74 93 63 92 91 40 94 74 103 97 34 75 80 37 56 94 49 87 28 87 109 106 66 20 56 118 75 102 91 57 57 25 49 17 0 98 49 109 99 93 76 46 60 60 79 61 77 42 83 97 106 57 103 87 81 2 17 65 97 96 42 74 23 28 59 102 70 87 94 92 92 64 88 43 45 79 43 123 23 76 76 79 82 79
79 22 25 66 80 98 83 68 59 57 36 44 59 60 72 68 35 68 35 40 22 58 31 65 13 5 64 59 61 73 43 29 52 56 70 37 12 12 46 83 48 21 48 32 55 53 45 77 77 87 98 0 57 31 4 44 24 63 51 53 60 62 69 78 70 24 19 47 19 36 69 98 87 36 24 43 58 63 80 76 38 28 29 54 45 60 8 42 20 65 62 38 63 26 75 64 75 27 21 71
22 45 58 59 23 51 44 58 37 59 72 48 60 83 25 47 50 86 28 70 60 17 67 31 59 55 28 29 72 47 31 46 33 75 23 65 69 62 50 30 39 76 26 54 77 46 36 39 22 47 49 57 0 61 59 44 42 6 48 49 34 58 75 21 41 50 71 40 57 38 78 50 34 21 66 75 9 30 42 22 24 55 36 74 45 45 50 16 56 44 42 58 41 83 27 32 37 50 37 38
81 48 55 92 81 110 99 93 42 85 67 70 87 91 64 89 63 99 52 71 53 70 63 53 19 27 79 46 90 93 63 15 71 86 81 68 33 22 72 90 70 31 39 7 86 77 66 93 74 103 109 31 61 0 35 24 48 65 76 78 46 88 98 77 53 12 48 70 13 23 98 110 94 44 55 74 66 51 96 82 54 6 50 85 24 39 28 45 51 86 83 67 83 43 86 50 60 56 29 56
81 21 22 65 82 98 84 67 63 56 33 43 58 57 75 67 34 66 36 37 19 60 28 69 16 9 65 62 58 73 43 33 52 53 72 35 11 14 45 84 48 21 51 35 52 52 45 77 79 88 99 4 59 35 0 48 24 65 50 52 64 61 67 80 73 28 15 47 22 40 66 99 89 39 21 40 60 67 80 77 39 31 29 51 48 64 11 45 18 65 61 36 62 25 77 67 78 26 24 75
62 51 63 90 61 95 87 90 19 85 77 70 87 98 42 83 66 105 47 79 62 57 72 29 36 39 68 23 94 85 58 15 65 92 67 75 51 40 72 73 66 52 18 17 93 74 62 81 52 90 93 44 44 24 48 0 50 47 74 76 22 87 100 57 29 21 63 67 29 10 101 95 77 34 66 83 52 28 85 65 47 21 49 90 1 16 37 31 59 80 77 72 77 64 71 27 37 60 29 32
63 3 16 44 64 75 60 45 59 36 31 22 38 48 63 44 15 54 14 31 18 38 26 61 34 25 42 55 43 49 20 39 28 41 50 26 34 35 24 63 24 44 45 45 42 30 21 54 64 64 76 24 42 48 24 50 0 48 28 30 58 40 51 63 69 37 31 24 37 40 51 76 67 24 24 35 40 59 57 57 18 43 6 40 51 63 21 32 14 42 38 21 39 47 55 60 70 10 21 68
17 51 64 62 17 48 44 61 38 64 78 53 65 88 21 49 56 91 34 76 66 19 73 31 65 60 29 30 77 48 36 50 37 80 22 70 74 68 55 26 43 81 29 58 83 50 41 40 17 46 46 63 6 65 65 47 48 0 52 54 34 62 79 15 40 54 77 44 62 42 82 48 30 27 72 81 12 29 42 18 30 59 42 79 48 46 56 22 62 46 45 63 44 89 25 31 35 56 43 37
62 30 31 16 65 59 41 17 78 11 37 7 13 37 73 19 17 38 27 31 35 35 35 76 62 53 30 72 25 26 18 65 16 28 41 27 60 63 6 55 9 70 64 72 32 3 13 36 69 45 60 51 48 76 50 74 28 52 0 2 76 12 28 65 85 64 51 8 65 64 30 60 58 41 40 36 41 74 38 52 28 70 26 28 75 84 49 47 34 18 15 19 17 71 45 76 84 25 48 84
62 32 33 14 65 58 40 15 80 10 38 9 11 36 74 18 18 38 29 32 37 35 36 78 64 55 30 74 24 25 19 67 17 28 42 28 62 65 8 55 11 72 66 74 32 3 14 35 70 44 60 53 49 78 52 76 30 54 2 0 77 10 26 66 87 66 53 10 67 66 29 59 58 43 41 36 42 76 37 52 30 72 28 28 77 85 51 49 35 17 15 21 16 73 45 77 86 26 49 85
45 60 73 89 43 82 77 89 4 87 88 74 89 106 21 79 72 111 50 89 74 50 83 7 55 56 61 4 98 80 58 34 63 98 56 84 69 59 76 59 67 72 13 39 100 75 63 73 33 80 79 60 34 46 64 22 58 34 76 77 0 87 103 39 10 40 79 67 49 25 105 81 62 35 79 93 43 6 76 51 48 42 55 97 22 13 52 28 70 76 74 79 73 83 59 5 15 68 40 11
69 41 40 5 72 59 41 8 90 6 42 18 5 33 83 18 27 32 40 35 44 43 41 88 73 64 36 83 19 24 30 77 25 26 47 33 70 74 16 60 21 81 76 85 30 13 25 37 78 45 61 62 58 88 61 87 40 62 12 10 87 0 18 73 97 76 60 20 77 77 21 60 62 53 48 39 50 86 38 58 40 82 38 27 88 96 61 59 43 19 18 26 20 80 50 87 95 35 60 95
87 51 45 19 90 74 57 22 105 16 40 30 15 21 100 35 35 16 54 34 48 61 42 104 81 73 54 99 9 40 45 89 43 17 65 33 75 81 28 77 37 85 91 96 21 29 40 54 95 60 77 69 75 98 67 100 51 79 28 26 103 18 0 91 113 87 62 36 86 90 4 76 80 68 50 34 67 102 54 76 56 93 51 19 101 111 70 75 49 37 36 31 38 82 68 103 112 43 72 111
7 66 79 73 4 45 47 71 43 76 92 67 76 101 19 58 70 103 49 90 81 30 88 33 79 75 38 36 90 56 50 63 49 93 28 85 89 82 68 23 56 96 39 70 96 63 54 44 7 48 42 78 21 77 80 57 63 15 65 66 39 73 91 0 41 67 92 57 75 54 94 44 25 41 87 95 25 33 46 17 45 72 57 92 58 52 70 36 77 56 55 77 54 104 27 35 34 71 57 37
48 70 84 98 46 86 84 97 11 97 98 83 98 116 22 87 82 121 59 99 84 57 94 9 64 66 68 13 108 87 67 43 72 108 62 94 79 68 86 63 76 81 23 46 110 84 72 80 35 86 83 70 41 53 73 29 69 40 85 87 10 97 113 41 0 49 89 77 58 34 115 85 66 45 89 104 50 11 82 56 57 50 65 107 29 15 62 38 80 84 82 89 81 92 65 9 9 78 51 4
71 37 46 80 71 98 87 81 38 73 59 59 75 82 57 77 52 89 39 62 44 58 54 47 15 19 67 40 80 81 50 6 59 76 69 59 30 19 61 79 58 32 31 9 77 65 54 80 64 90 97 24 50 12 28 21 37 54 64 66 40 76 87 67 49 0 43 58 9 15 88 98 83 32 47 66 55 45 84 71 41 6 38 75 21 37 19 33 41 74 71 57 71 43 74 44 55 45 17 51
93 28 20 65 94 105 89 67 78 54 23 44 56 48 89 70 35 57 45 29 16 69 20 84 29 24 72 77 53 76 50 48 58 46 80 29 16 26 45 94 52 24 66 50 44 54 50 83 92 94 106 19 71 48 15 63 31 77 51 53 79 60 62 92 89 43 0 51 36 55 61 107 98 51 13 30 71 81 86 88 49 45 37 44 64 79 26 58 18 69 65 34 66 20 85 82 93 28 38 89
54 26 31 23 57 55 39 23 70 20 40 10 21 44 64 20 17 47 20 36 35 27 37 68 57 49 24 64 33 26 9 58 9 36 35 31 57 59 11 49 1 68 56 66 39 8 4 33 61 43 57 47 40 70 47 67 24 44 8 10 67 20 36 57 77 58 51 0 60 57 38 57 52 33 40 40 33 66 35 45 20 64 20 35 68 76 45 39 33 18 14 23 16 70 39 67 76 23 41 75
79 36 43 81 78 103 91 82 47 73 55 59 75 79 65 79 51 87 43 59 41 63 50 56 7 14 72 49 78 84 53 15 62 74 75 56 22 11 61 86 60 23 40 14 74 66 56 85 73 95 103 19 57 13 22 29 37 62 65 67 49 77 86 75 58 9 36 60 0 24 86 104 90 38 43 62 61 54 88 78 45 9 40 72 30 46 16 40 38 77 73 55 74 34 80 53 64 44 21 60
58 41 53 80 57 88 79 80 23 74 67 60 76 88 42 73 55 95 37 69 53 49 62 31 30 31 60 24 83 76 48 9 55 82 60 65 44 34 62 68 57 47 16 16 82 64 52 73 50 83 87 36 38 23 40 10 40 42 64 66 25 77 90 54 34 15 55 57 24 0 91 88 72 25 57 74 45 29 76 60 37 18 39 80 11 24 29 23 49 70 67 62 67 58 64 29 40 50 19 36
90 51 44 23 93 78 61 26 107 19 38 31 17 18 103 39 36 12 56 32 47 64 40 106 81 72 57 101 8 44 47 90 45 15 68 32 74 81 29 81 39 84 93 96 18 32 42 58 98 64 81 69 78 98 66 101 51 82 30 29 105 21 4 94 115 88 61 38 86 91 0 80 83 70 48 32 70 104 58 79 57 93 52 17 102 112 70 77 48 40 39 31 41 80 71 105 114 43 72 113
37 79 88 57 40 2 19 54 85 66 96 66 66 94 63 43 74 92 64 91 91 41 94 76 104 98 34 77 79 36 57 95 49 86 29 87 110 107 66 22 56 119 77 103 90 57 57 24 51 16 2 98 50 110 99 95 76 48 60 59 81 60 76 44 85 98 107 57 104 88 80 0 19 66 97 96 43 75 23 30 60 104 70 86 96 93 93 65 88 42 45 79 43 124 24 77 78 79 83 81
18 70 81 60 21 20 26 58 67 66 92 62 67 94 44 45 68 94 53 88 84 29 89 57 91 86 28 59 81 40 49 79 43 86 18 83 99 94 63 4 51 107 59 88 90 55 51 26 32 25 17 87 34 94 89 77 67 30 58 58 62 62 80 25 66 83 98 52 90 72 83 19 0 52 90 93 29 57 27 12 49 88 61 86 78 75 81 50 80 43 44 75 42 113 13 59 59 72 69 62
43 27 41 56 44 66 55 56 37 52 55 38 54 71 39 48 36 76 14 55 42 26 50 37 39 34 35 32 63 51 24 29 30 63 37 50 48 42 41 48 33 55 23 38 65 41 29 49 41 59 65 36 21 44 39 34 24 27 41 43 35 53 68 41 45 32 51 33 38 25 70 66 52 0 48 60 23 35 52 40 13 38 20 62 35 43 29 8 38 45 42 44 42 63 42 36 46 34 17 44
87 21 9 52 88 96 79 55 79 42 12 33 43 37 86 59 23 46 38 17 6 61 8 83 36 29 63 76 40 65 41 52 48 34 72 16 26 35 33 86 41 36 66 55 32 42 40 73 88 83 97 24 66 55 21 66 24 72 40 41 79 48 50 87 89 47 13 40 43 57 48 97 90 48 0 19 64 81 75 80 42 51 30 32 67 81 29 55 10 57 54 21 55 33 77 81 92 17 38 89
93 33 21 43 96 94 77 46 94 32 7 30 33 18 98 54 25 27 47 5 21 66 12 97 55 48 65 91 25 61 45 70 49 17 75 10 45 54 30 89 41 54 80 74 14 39 42 71 97 81 96 43 75 74 40 83 35 81 36 36 93 39 34 95 104 66 30 40 62 74 32 96 93 60 19 0 70 94 73 85 51 70 40 15 84 97 47 67 25 54 51 18 53 49 80 95 106 25 55 103
23 43 55 50 25 43 35 49 47 52 68 42 53 77 33 37 45 79 26 65 58 7 64 41 62 57 18 39 65 37 25 51 25 68 15 60 70 65 44 25 32 78 35 60 71 39 29 30 28 38 42 58 9 66 60 52 40 12 41 42 43 50 67 25 50 55 71 33 61 45 70 43 29 23 64 70 0 39 33 17 22 60 34 68 53 54 52 22 54 34 33 53 32 85 19 41 47 47 40 47
39 61 75 87 37 76 73 86 11 86 89 73 87 106 15 76 72 111 49 90 75 46 85 2 59 59 57 5 98 76 57 39 60 98 52 85 73 63 75 53 65 77 15 44 100 73 62 69 27 75 74 63 30 51 67 28 59 29 74 76 6 86 102 33 11 45 81 66 54 29 104 75 57 35 81 94 39 0 71 46 47 47 55 97 28 19 55 28 71 73 71 79 70 87 54 2 11 69 43 9
40 59 67 35 44 21 4 32 79 43 74 44 43 71 62 20 52 70 46 69 70 27 72 73 87 80 17 72 57 14 37 82 28 64 20 65 91 90 44 26 34 100 68 90 68 35 36 3 53 8 23 80 42 96 80 85 57 42 38 37 76 38 54 46 82 84 86 35 88 76 58 23 27 52 75 73 33 71 0 29 43 90 51 64 86 87 75 54 67 20 22 57 21 104 19 73 77 58 67 79
11 60 72 57 15 30 29 55 56 62 83 55 62 89 35 42 60 90 43 80 74 19 80 47 80 74 22 48 76 39 40 67 36 80 11 75 87 83 56 8 44 95 47 75 84 49 43 27 24 31 28 76 22 82 77 65 57 18 52 52 51 58 76 17 56 71 88 45 78 60 79 30 12 40 80 85 17 46 29 0 39 76 51 80 66 64 69 38 71 40 40 67 38 102 10 48 50 63 57 52
44 22 34 43 46 59 46 43 50 39 47 26 41 60 47 36 26 64 4 46 36 20 43 49 45 38 27 44 51 39 11 40 18 52 32 41 50 47 28 45 20 59 36 49 54 28 16 40 47 50 59 38 24 54 39 47 18 30 28 30 48 40 56 45 57 41 49 20 45 37 57 60 49 13 42 51 22 47 43 39 0 47 12 51 48 55 33 19 32 33 30 34 30 64 37 48 57 26 24 56
76 42 51 86 75 103 92 87 39 79 63 64 81 87 60 83 57 94 46 67 49 64 59 49 17 23 73 42 85 87 56 9 65 82 75 64 32 20 67 84 64 31 34 4 81 71 60 86 69 96 102 28 55 6 31 21 43 59 70 72 42 82 93 72 50 6 45 64 9 18 93 104 88 38 51 70 60 47 90 76 47 0 44 80 21 37 23 39 46 80 77 62 77 43 79 47 57 50 23 53
57 9 22 42 58 69 55 43 56 36 36 21 38 51 58 40 17 57 8 35 24 32 31 57 37 29 36 51 45 45 14 39 23 44 43 30 40 39 23 57 20 49 42 46 45 27 17 48 58 59 70 29 36 50 29 49 6 42 26 28 55 38 51 57 65 38 37 20 40 39 52 70 61 20 30 40 34 55 51 51 12 44 0 42 50 60 25 27 20 37 34 24 35 53 48 56 66 15 21 64
89 39 29 31 92 85 67 34 98 21 21 26 21 9 98 44 25 15 48 15 32 62 24 99 66 58 58 94 10 50 43 78 44 2 69 16 58 66 24 83 36 68 84 83 4 31 38 63 96 71 87 54 74 85 51 90 40 79 28 28 97 27 19 92 107 75 44 35 72 80 17 86 86 62 32 15 68 97 64 80 51 80 42 0 91 103 56 69 34 44 42 18 44 64 73 98 108 30 61 106
63 52 64 91 62 96 88 91 19 86 78 71 87 99 43 84 66 106 48 80 63 58 73 30 36 40 69 24 95 86 59 16 66 93 68 76 52 40 73 74 67 52 19 17 93 75 63 82 53 91 94 45 45 24 48 1 51 48 75 77 22 88 101 58 29 21 64 68 30 11 102 96 78 35 67 84 53 28 86 66 48 21 50 91 0 16 38 32 59 81 78 73 78 64 72 27 37 61 30 32
58 64 77 98 56 94 89 98 8 95 91 81 96 111 34 89 77 117 57 93 77 61 86 19 52 55 72 16 105 90 66 31 72 104 68 88 67 56 83 71 75 68 20 33 105 83 71 84 46 92 92 60 45 39 64 16 63 46 84 85 13 96 111 52 15 37 79 76 46 24 112 93 75 43 81 97 54 19 87 64 55 37 60 103 16 0 53 37 73 86 83 84 83 80 71 17 24 73 43 19
72 20 27 65 73 92 78 67 52 57 40 43 59 64 64 65 35 71 29 44 26 52 36 58 13 5 59 51 62 69 39 23 48 58 64 40 19 14 45 76 45 26 40 27 58 51 41 72 69 83 92 8 50 28 11 37 21 56 49 51 52 61 70 70 62 19 26 45 16 29 70 93 81 29 29 47 52 55 75 69 33 23 25 56 38 53 0 34 23 62 59 39 59 34 69 56 67 27 13 63
38 34 48 61 38 65 56 61 31 59 63 45 60 78 31 52 44 83 21 62 49 26 58 30 43 39 37 25 70 54 30 30 35 70 37 57 53 47 47 46 39 60 17 38 72 47 35 50 35 60 64 42 16 45 45 31 32 22 47 49 28 59 75 36 38 33 58 39 40 23 77 65 50 8 55 67 22 28 54 38 19 39 27 69 32 37 34 0 45 49 47 51 46 68 41 29 39 42 22 37
77 11 4 48 78 87 71 50 70 38 19 26 40 41 76 52 17 48 28 21 4 52 14 74 33 24 54 67 40 58 32 45 39 36 63 17 27 32 28 77 33 37 57 50 35 36 31 65 78 75 88 20 56 51 18 59 14 62 34 35 70 43 49 77 80 41 18 33 38 49 48 88 80 38 10 25 54 71 67 71 32 46 20 34 59 73 23 45 0 50 47 18 48 37 68 72 83 9 30 80
51 44 49 17 54 41 23 15 79 24 55 25 24 52 68 3 34 51 34 50 52 27 53 75 75 66 18 72 38 8 24 73 15 44 29 46 75 76 25 41 17 86 66 81 48 15 21 18 61 27 43 65 44 86 65 80 42 46 18 17 76 19 37 56 84 74 69 18 77 70 40 42 43 45 57 54 34 73 20 40 33 80 37 44 81 86 62 49 50 0 4 38 3 88 31 75 81 41 57 81
51 40 45 17 54 43 26 16 77 22 52 22 22 50 67 6 30 50 31 47 49 26 50 73 71 63 18 70 36 11 20 70 12 42 29 42 72 73 21 42 14 82 63 78 46 12 17 21 60 30 45 62 42 83 61 77 38 45 15 15 74 18 36 55 82 71 65 14 73 67 39 45 44 42 54 51 33 71 22 40 30 77 34 42 78 83 59 47 47 4 0 34 2 84 32 73 80 38 53 80
75 21 14 31 78 77 60 34 80 21 17 13 22 27 81 39 8 33 30 13 18 48 16 81 50 41 47 76 23 45 27 59 31 20 57 8 45 50 13 71 24 55 66 66 21 22 24 55 80 64 79 38 58 67 36 72 21 63 19 21 79 26 31 77 89 57 34 23 55 62 31 79 75 44 21 18 53 79 57 67 34 62 24 18 73 84 39 51 18 38 34 0 36 54 62 80 90 12 43 88
49 41 47 19 52 41 24 17 76 24 54 23 24 52 65 6 32 52 31 48 50 25 52 72 72 64 16 69 38 10 21 70 12 44 27 44 73 73 23 40 15 83 63 78 48 14 18 19 59 28 43 63 41 83 62 77 39 44 17 16 73 20 38 54 81 71 66 16 74 67 41 43 42 42 55 53 32 70 21 38 30 77 35 44 78 83 59 46 48 3 2 36 0 85 30 72 78 39 54 79
106 45 40 85 106 123 107 87 81 74 42 64 76 67 97 89 54 76 60 49 36 84 40 89 28 29 89 82 73 95 67 49 76 66 96 49 15 24 65 109 70 12 72 48 63 73 68 101 103 112 123 26 83 43 25 64 47 89 71 73 83 80 82 104 92 43 20 70 34 58 80 124 113 63 33 49 85 87 104 102 64 43 53 64 64 80 34 68 37 88 84 54 85 0 101 87 98 47 47 94
21 58 68 48 25 24 19 46 63 54 79 49 54 81 44 33 55 82 41 75 71 17 75 55 81 74 15 55 68 29 36 71 30 73 5 70 87 83 50 10 38 96 53 79 77 42 38 17 34 21 23 75 27 86 77 71 55 25 45 45 59 50 68 27 65 74 85 39 80 64 71 24 13 42 77 80 19 54 19 10 37 79 48 73 72 71 69 41 68 31 32 62 30 101 0 56 59 59 59 61
41 62 76 89 39 78 75 88 9 87 90 74 89 107 17 78 73 112 50 91 76 48 85 2 59 59 59 5 99 78 58 38 62 99 54 86 73 63 76 55 67 76 16 43 101 75 63 71 29 77 76 64 32 50 67 27 60 31 76 77 5 87 103 35 9 44 82 67 53 29 105 77 59 36 81 95 41 2 73 48 48 47 56 98 27 17 56 29 72 75 73 80 72 87 56 0 11 70 43 8
41 72 86 96 38 79 78 95 18 95 101 83 97 116 15 84 82 121 60 101 87 54 96 9 70 70 64 16 108 84 67 49 70 109 57 96 84 74 85 56 75 87 26 54 111 83 71 75 27 80 76 75 37 60 78 37 70 35 84 86 15 95 112 34 9 55 93 76 64 40 114 78 59 46 92 106 47 11 77 50 57 57 66 108 37 24 67 39 83 81 80 90 78 98 59 11 0 80 54 5
70 9 9 40 72 78 62 41 69 30 21 17 32 38 72 43 8 45 22 21 12 44 17 71 39 30 46 65 35 49 23 47 31 32 55 16 35 39 19 69 24 46 55 53 33 27 22 56 73 66 79 27 50 56 26 60 10 56 25 26 68 35 43 71 78 45 28 23 44 50 43 79 72 34 17 25 47 69 58 63 26 50 15 30 61 73 27 42 9 41 38 12 39 47 59 70 80 0 31 78
60 22 34 63 60 82 70 64 40 57 49 42 59 69 51 60 37 76 22 50 34 42 44 45 22 18 51 38 65 64 33 17 42 63 54 46 32 25 45 65 41 38 28 25 63 48 37 64 56 74 82 21 37 29 24 29 21 43 48 49 40 60 72 57 51 17 38 41 21 19 72 83 69 17 38 55 40 43 67 57 24 23 21 61 30 43 13 22 30 57 53 43 54 47 59 43 54 31 0 51
44 70 84 96 41 82 80 95 13 95 98 82 96 115 18 85 81 120 58 99 84 55 93 7 66 67 65 13 107 85 66 45 69 107 59 94 80 70 84 59 74 83 23 49 109 82 71 76 30 82 79 71 38 56 75 32 68 37 84 85 11 95 111 37 4 51 89 75 60 36 113 81 62 44 89 103 47 9 79 52 56 53 64 106 32 19 63 37 80 81 80 88 79 94 61 8 5 78 51 0
