0 116 113 48 74 46 82 71 96 58 70 103 58 57 62 46 94 22 20 84 68 14 9 21 71 116 88 100 64 87 1 98 56 30 82 95 95 107 81 100 112 108 100 60 93 39 93 58 101 98
116 0 13 81 84 82 38 47 57 61 58 61 83 60 65 83 41 97 102 59 50 104 107 96 66 37 36 17 52 70 116 22 61 87 49 35 29 14 35 23 25 19 31 57 24 83 39 86 33 28
113 13 0 74 74 76 41 42 66 56 50 48 74 56 57 77 49 96 98 66 51 101 105 93 57 25 28 17 50 59 113 15 58 83 54 42 36 7 34 14 12 29 20 55 24 83 28 78 42 18
48 81 74 0 29 2 58 34 86 21 24 55 12 25 17 3 76 42 29 76 47 41 43 31 22 71 46 64 36 38 48 59 28 23 67 72 69 68 49 60 70 79 57 34 59 44 49 14 78 56
74 84 74 29 0 30 74 47 106 40 30 37 17 45 30 30 92 71 54 97 67 69 70 59 20 61 49 71 55 18 73 63 50 52 86 87 83 70 61 61 66 89 54 55 68 72 46 16 92 56
46 82 76 2 30 0 59 36 86 22 26 57 13 25 18 1 76 40 27 76 47 39 41 29 25 73 48 66 37 41 45 61 28 21 67 73 70 70 50 62 72 80 59 34 61 43 51 16 79 58
82 38 41 58 74 59 0 27 33 37 45 68 65 33 46 60 18 61 72 28 14 69 73 63 54 59 34 25 22 67 82 31 31 55 15 14 13 35 14 35 48 26 42 25 18 46 43 69 20 38
71 47 42 34 47 36 27 0 59 14 17 46 39 14 19 36 46 55 56 52 22 60 63 51 27 48 17 30 13 41 71 27 17 41 40 41 37 36 15 29 41 45 30 16 25 45 25 43 46 27
96 57 66 86 106 86 33 59 0 66 77 101 95 62 76 87 17 74 92 12 39 83 87 81 86 88 66 51 51 100 96 60 58 76 19 24 30 61 47 64 75 38 72 52 47 57 74 98 24 68
58 61 56 21 40 22 37 14 66 0 16 51 28 5 11 23 55 43 42 57 27 47 50 38 23 59 30 45 16 41 57 41 10 28 47 51 48 50 28 43 54 58 42 15 39 37 36 32 57 40
70 58 50 24 30 26 45 17 77 16 0 35 24 20 9 27 63 58 52 69 38 60 63 51 9 47 23 43 27 25 69 36 26 41 57 58 53 45 32 36 45 60 32 29 40 53 24 28 63 32
103 61 48 55 37 57 68 46 101 51 35 0 47 55 43 57 85 93 84 96 68 95 97 84 32 28 35 53 59 18 102 43 60 75 83 78 72 48 54 40 37 72 31 62 55 88 26 49 81 35
58 83 74 12 17 13 65 39 95 28 24 47 0 33 19 13 83 54 38 85 55 52 53 42 18 67 47 67 44 30 57 61 37 35 75 79 75 69 54 60 68 83 55 43 63 56 47 4 84 56
57 60 56 25 45 25 33 14 62 5 20 55 33 0 16 26 51 41 42 52 22 45 49 37 28 61 31 43 11 45 57 41 5 27 42 48 45 49 26 43 55 56 43 10 37 33 38 37 53 41
62 65 57 17 30 18 46 19 76 11 9 43 19 16 0 19 64 50 43 67 37 52 55 42 12 55 30 48 26 30 61 43 21 32 57 59 56 52 35 43 53 64 40 25 44 46 33 24 65 40
46 83 77 3 30 1 60 36 87 23 27 57 13 26 19 0 77 40 26 76 48 39 41 29 25 74 49 67 38 41 45 62 29 22 68 74 71 71 51 63 72 81 59 35 62 44 52 15 80 59
94 41 49 76 92 76 18 46 17 55 63 85 83 51 64 77 0 72 86 18 29 81 85 77 72 71 50 34 40 85 94 43 48 70 12 7 14 44 32 48 59 23 56 42 30 55 58 87 9 51
22 97 96 42 71 40 61 55 74 43 58 93 54 41 50 40 72 0 23 62 48 9 13 13 62 102 72 81 45 79 22 81 38 19 60 73 74 88 62 83 96 87 84 41 74 17 79 55 79 82
20 102 98 29 54 27 72 56 92 42 52 84 38 42 43 26 86 23 0 80 58 17 16 11 51 98 71 85 51 67 19 83 42 16 75 85 84 91 68 84 96 96 83 47 79 36 76 38 91 82
84 59 66 76 97 76 28 52 12 57 69 96 85 52 67 76 18 62 80 0 30 71 75 69 78 86 61 50 42 93 84 58 48 65 13 25 30 60 42 62 74 41 69 42 45 45 70 89 27 65
68 50 51 47 67 47 14 22 39 27 38 68 55 22 37 48 29 48 58 30 0 55 59 49 47 64 35 35 11 63 68 38 19 42 20 27 27 44 18 41 55 39 46 13 27 33 44 59 33 42
14 104 101 41 69 39 69 60 83 47 60 95 52 45 52 39 81 9 17 71 55 0 4 10 62 106 76 87 51 79 13 86 43 20 69 81 81 94 68 88 101 94 89 47 80 26 82 53 87 87
9 107 105 43 70 41 73 63 87 50 63 97 53 49 55 41 85 13 16 75 59 4 0 13 65 109 80 91 55 81 9 90 47 22 73 85 85 98 72 92 104 98 92 51 84 30 85 54 91 90
21 96 93 31 59 29 63 51 81 38 51 84 42 37 42 29 77 13 11 69 49 10 13 0 52 96 67 79 44 69 20 78 35 10 65 76 76 86 61 80 92 88 80 40 73 25 73 43 82 78
71 66 57 22 20 25 54 27 86 23 9 32 18 28 12 25 72 62 51 78 47 62 65 52 0 49 30 51 36 18 70 44 33 43 67 67 63 52 41 43 50 69 38 37 49 59 29 21 72 39
116 37 25 71 61 73 59 48 88 59 47 28 67 61 55 74 71 102 98 86 64 106 109 96 49 0 31 37 59 43 116 28 64 86 74 64 58 28 47 24 13 53 18 63 42 92 23 70 65 22
88 36 28 46 49 48 34 17 66 30 23 35 47 31 30 49 50 72 71 61 35 76 80 67 30 31 0 22 29 37 87 14 34 57 48 43 37 22 19 14 25 41 13 33 21 62 9 50 47 11
100 17 17 64 71 66 25 30 51 45 43 53 67 43 48 67 34 81 85 50 35 87 91 79 51 37 22 0 36 58 99 10 44 70 38 27 21 10 18 14 24 19 23 40 7 67 27 71 29 18
64 52 50 36 55 37 22 13 51 16 27 59 44 11 26 38 40 45 51 42 11 51 55 44 36 59 29 36 0 52 64 36 9 35 31 36 34 43 17 39 52 45 41 4 29 33 37 48 42 38
87 70 59 38 18 41 67 41 100 41 25 18 30 45 30 41 85 79 67 93 63 79 81 69 18 43 37 58 52 0 86 49 51 60 81 79 74 56 53 47 49 77 39 54 57 77 31 31 83 41
1 116 113 48 73 45 82 71 96 57 69 102 57 57 61 45 94 22 19 84 68 13 9 20 70 116 87 99 64 86 0 98 55 30 82 94 95 106 81 100 112 107 99 59 92 39 92 57 100 98
98 22 15 59 63 61 31 27 60 41 36 43 61 41 43 62 43 81 83 58 38 86 90 78 44 28 14 10 36 49 98 0 43 68 45 36 30 9 20 4 17 29 13 40 13 69 18 64 38 8
56 61 58 28 50 28 31 17 58 10 26 60 37 5 21 29 48 38 42 48 19 43 47 35 33 64 34 44 9 51 55 43 0 26 39 45 43 51 26 45 58 55 47 6 38 28 41 41 51 44
30 87 83 23 52 21 55 41 76 28 41 75 35 27 32 22 70 19 16 65 42 20 22 10 43 86 57 70 35 60 30 68 26 0 59 69 68 76 52 70 82 80 70 31 64 24 63 37 75 68
82 49 54 67 86 67 15 40 19 47 57 83 75 42 57 68 12 60 75 13 20 69 73 65 67 74 48 38 31 81 82 45 39 59 0 15 19 48 29 49 62 32 57 33 32 43 57 79 20 52
95 35 42 72 87 73 14 41 24 51 58 78 79 48 59 74 7 73 85 25 27 81 85 76 67 64 43 27 36 79 94 36 45 69 15 0 6 37 26 40 51 17 49 39 23 56 51 83 6 44
95 29 36 69 83 70 13 37 30 48 53 72 75 45 56 71 14 74 84 30 27 81 85 76 63 58 37 21 34 74 95 30 43 68 19 6 0 30 22 34 45 13 43 37 17 58 45 79 9 38
107 14 7 68 70 70 35 36 61 50 45 48 69 49 52 71 44 88 91 60 44 94 98 86 52 28 22 10 43 56 106 9 51 76 48 37 30 0 27 9 15 26 17 47 17 75 25 73 37 14
81 35 34 49 61 50 14 15 47 28 32 54 54 26 35 51 32 62 68 42 18 68 72 61 41 47 19 18 17 53 81 20 26 52 29 26 22 27 0 24 37 30 29 21 12 49 28 58 31 25
100 23 14 60 61 62 35 29 64 43 36 40 60 43 43 63 48 83 84 62 41 88 92 80 43 24 14 14 39 47 100 4 45 70 49 40 34 9 24 0 14 33 9 43 17 72 16 64 42 5
112 25 12 70 66 72 48 41 75 54 45 37 68 55 53 72 59 96 96 74 55 101 104 92 50 13 25 24 52 49 112 17 58 82 62 51 45 15 37 14 0 40 13 56 30 85 21 72 52 14
108 19 29 79 89 80 26 45 38 58 60 72 83 56 64 81 23 87 96 41 39 94 98 88 69 53 41 19 45 77 107 29 55 80 32 17 13 26 30 33 40 0 42 49 21 71 47 88 14 38
100 31 20 57 54 59 42 30 72 42 32 31 55 43 40 59 56 84 83 69 46 89 92 80 38 18 13 23 41 39 99 13 47 70 57 49 43 17 29 9 13 42 0 45 25 74 8 59 51 4
60 57 55 34 55 34 25 16 52 15 29 62 43 10 25 35 42 41 47 42 13 47 51 40 37 63 33 40 4 54 59 40 6 31 33 39 37 47 21 43 56 49 45 0 33 29 41 47 45 42
93 24 24 59 68 61 18 25 47 39 40 55 63 37 44 62 30 74 79 45 27 80 84 73 49 42 21 7 29 57 92 13 38 64 32 23 17 17 12 17 30 21 25 33 0 60 28 67 26 21
39 83 83 44 72 43 46 45 57 37 53 88 56 33 46 44 55 17 36 45 33 26 30 25 59 92 62 67 33 77 39 69 28 24 43 56 58 75 49 72 85 71 74 29 60 0 70 59 62 71
93 39 28 49 46 51 43 25 74 36 24 26 47 38 33 52 58 79 76 70 44 82 85 73 29 23 9 27 37 31 92 18 41 63 57 51 45 25 28 16 21 47 8 41 28 70 0 51 54 10
58 86 78 14 16 16 69 43 98 32 28 49 4 37 24 15 87 55 38 89 59 53 54 43 21 70 50 71 48 31 57 64 41 37 79 83 79 73 58 64 72 88 59 47 67 59 51 0 88 60
101 33 42 78 92 79 20 46 24 57 63 81 84 53 65 80 9 79 91 27 33 87 91 82 72 65 47 29 42 83 100 38 51 75 20 6 9 37 31 42 52 14 51 45 26 62 54 88 0 47
98 28 18 56 56 58 38 27 68 40 32 35 56 41 40 59 51 82 82 65 42 87 90 78 39 22 11 18 38 41 98 8 44 68 52 44 38 14 25 5 14 38 4 42 21 71 10 60 47 0
