0 96 38 44 41 77 73 93 52 29 17 110 46 23 78 88 6 47 64 47 58 35 58 71 47 84 63 47 73 46 55 75 16 24 59 13 42 32 23 48 77 59 90 92 66 60 51 66 72 53
96 0 72 59 57 29 23 4 45 67 88 15 71 76 23 48 100 57 46 56 77 62 38 34 69 29 59 61 56 88 45 30 105 79 44 83 55 64 108 81 48 47 38 62 66 75 50 42 31 80
38 72 0 46 18 65 52 70 28 26 22 83 8 36 50 52 39 47 59 46 72 21 37 40 57 72 25 12 35 19 46 63 39 14 51 32 35 25 39 16 74 53 55 54 73 23 45 33 42 19
44 59 46 0 31 35 37 56 31 22 46 74 52 21 49 73 50 3 19 3 28 25 29 48 13 41 58 44 65 65 14 33 59 40 16 31 13 22 64 62 33 15 70 83 27 66 10 49 48 64
41 57 18 31 0 47 36 55 12 16 31 70 22 29 37 49 45 31 42 30 58 8 20 30 43 54 28 13 37 37 28 45 48 21 33 30 18 13 51 33 56 36 49 56 57 36 27 25 31 34
77 29 65 35 47 0 18 25 37 50 75 44 67 55 33 64 83 32 18 32 48 48 29 40 41 7 63 56 65 83 23 2 90 66 19 64 36 47 94 78 20 20 57 77 36 77 27 46 38 79
73 23 52 37 36 18 0 20 24 44 66 38 53 53 16 46 77 35 28 34 59 39 16 22 48 24 45 41 46 69 23 17 83 56 23 60 31 40 86 63 37 26 39 59 50 60 27 29 19 64
93 4 70 56 55 25 20 0 43 64 86 19 69 73 22 49 97 53 42 52 73 59 35 33 65 25 58 59 56 86 41 26 103 76 40 80 51 60 106 79 44 43 40 63 62 74 46 41 30 79
52 45 28 31 12 37 24 43 0 25 43 58 30 36 25 43 56 30 35 29 58 17 8 20 44 44 29 19 35 47 22 35 60 33 27 40 18 21 63 41 49 30 41 52 54 41 23 18 20 42
29 67 26 22 16 50 44 64 25 0 25 81 33 12 50 65 33 24 39 23 47 8 30 45 32 57 44 27 53 43 28 48 40 18 32 16 15 4 44 41 54 33 65 72 49 48 24 41 45 44
17 88 22 46 31 75 66 86 43 25 0 101 29 27 68 74 17 49 64 48 67 27 50 60 53 82 47 33 57 29 53 72 17 10 57 18 40 27 20 31 79 58 77 76 72 43 49 53 61 35
110 15 83 74 70 44 38 19 58 81 101 0 81 90 33 49 114 72 61 71 92 75 52 43 84 43 66 71 61 97 60 45 118 91 59 97 69 77 120 90 62 62 39 62 80 82 65 51 40 89
46 71 8 52 22 67 53 69 30 33 29 81 0 43 48 46 46 53 63 51 78 27 38 38 64 74 19 11 29 17 50 65 45 22 55 40 40 31 44 11 78 57 50 47 79 16 49 30 40 13
23 76 36 21 29 55 53 73 36 12 27 90 43 0 61 78 29 24 41 24 39 20 40 56 26 62 56 39 65 52 33 53 37 25 36 10 21 16 44 51 54 36 77 84 45 59 28 53 56 54
78 23 50 49 37 33 16 22 25 50 68 33 48 61 0 31 81 48 43 46 73 43 21 10 61 38 36 38 34 64 36 33 85 58 37 66 40 46 87 58 52 41 23 44 65 51 39 19 8 57
88 48 52 73 49 64 46 49 43 65 74 49 46 78 31 0 90 72 72 71 100 57 45 26 86 69 27 41 17 58 62 63 91 65 65 79 62 62 90 51 83 69 10 14 94 39 65 25 28 48
6 100 39 50 45 83 77 97 56 33 17 114 46 29 81 90 0 53 69 52 64 39 62 74 53 90 64 49 74 44 60 81 10 25 64 19 48 37 18 48 83 64 92 93 72 60 56 69 76 52
47 57 47 3 31 32 35 53 30 24 49 72 53 24 48 72 53 0 17 1 28 26 28 47 14 38 58 44 65 66 12 30 61 42 13 34 13 23 67 63 30 12 69 82 26 67 8 48 46 65
64 46 59 19 42 18 28 42 35 39 64 61 63 41 43 72 69 17 0 17 31 39 29 47 24 22 64 53 69 78 13 16 77 57 9 51 25 37 83 74 15 6 67 84 21 76 15 50 45 76
47 56 46 3 30 32 34 52 29 23 48 71 51 24 46 71 52 1 17 0 29 25 27 46 15 38 57 43 63 65 11 30 61 41 13 34 12 22 66 62 31 12 67 81 27 66 7 47 45 64
58 77 72 28 58 48 59 73 58 47 67 92 78 39 73 100 64 28 31 29 0 52 55 74 15 51 86 71 92 90 38 47 74 63 36 49 40 48 81 88 33 32 95 110 14 93 35 76 73 91
35 62 21 25 8 48 39 59 17 8 27 75 27 20 43 57 39 26 39 25 52 0 23 37 37 55 36 20 45 40 26 45 44 18 31 23 14 4 47 37 54 33 57 64 52 42 24 33 38 39
58 38 37 29 20 29 16 35 8 30 50 52 38 40 21 45 62 28 29 27 55 23 0 19 42 36 35 27 39 55 18 27 67 41 21 45 19 26 70 49 43 25 41 55 50 48 20 21 18 50
71 34 40 48 30 40 22 33 20 45 60 43 38 56 10 26 74 47 47 46 74 37 19 0 61 46 25 28 25 54 37 39 77 50 39 60 37 40 79 47 58 43 22 38 68 41 39 9 3 47
47 69 57 13 43 41 48 65 44 32 53 84 64 26 61 86 53 14 24 15 15 37 42 61 0 46 71 56 78 75 25 40 63 49 25 36 26 33 69 73 33 22 83 96 19 78 22 62 60 76
84 29 72 41 54 7 24 25 44 57 82 43 74 62 38 69 90 38 22 38 51 55 36 46 46 0 69 63 71 91 30 9 97 73 26 71 43 55 102 85 19 26 61 82 38 83 34 53 43 86
63 59 25 58 28 63 45 58 29 44 47 66 19 56 36 27 64 58 64 57 86 36 35 25 71 69 0 17 10 32 51 61 64 39 56 55 45 41 63 25 77 59 32 29 83 16 52 17 28 23
47 61 12 44 13 56 41 59 19 27 33 71 11 39 38 41 49 44 53 43 71 20 27 28 56 63 17 0 26 28 40 54 50 24 45 38 31 24 51 22 68 47 44 46 70 23 39 21 30 23
73 56 35 65 37 65 46 56 35 53 57 61 29 65 34 17 74 65 69 63 92 45 39 25 78 71 10 26 0 40 57 63 74 49 60 65 52 49 73 33 81 64 24 19 88 22 58 18 28 31
46 88 19 65 37 83 69 86 47 43 29 97 17 52 64 58 44 66 78 65 90 40 55 54 75 91 32 28 40 0 65 81 40 27 70 45 54 43 36 7 93 72 64 55 92 19 64 46 57 10
55 45 46 14 28 23 23 41 22 28 53 60 50 33 36 62 60 12 13 11 38 26 18 37 25 30 51 40 57 65 0 21 67 44 5 41 13 25 72 61 28 8 58 73 32 62 4 39 35 63
75 30 63 33 45 2 17 26 35 48 72 45 65 53 33 63 81 30 16 30 47 45 27 39 40 9 61 54 63 81 21 0 88 64 17 62 33 45 92 76 20 18 56 76 36 75 25 45 36 77
16 105 39 59 48 90 83 103 60 40 17 118 45 37 85 91 10 61 77 61 74 44 67 77 63 97 64 50 74 40 67 88 0 27 72 27 54 43 8 44 91 72 94 92 82 57 64 71 79 48
24 79 14 40 21 66 56 76 33 18 10 91 22 25 58 65 25 42 57 41 63 18 41 50 49 73 39 24 49 27 44 64 27 0 49 19 32 19 30 27 71 51 67 68 67 37 42 43 51 31
59 44 51 16 33 19 23 40 27 32 57 59 55 36 37 65 64 13 9 13 36 31 21 39 25 26 56 45 60 70 5 17 72 49 0 45 18 30 77 66 23 4 60 76 28 67 8 42 38 67
13 83 32 31 30 64 60 80 40 16 18 97 40 10 66 79 19 34 51 34 49 23 45 60 36 71 55 38 65 45 41 62 27 19 45 0 29 20 33 46 64 45 80 84 55 55 37 55 60 49
42 55 35 13 18 36 31 51 18 15 40 69 40 21 40 62 48 13 25 12 40 14 19 37 26 43 45 31 52 54 13 33 54 32 18 29 0 12 59 50 40 19 59 71 39 54 10 37 37 53
32 64 25 22 13 47 40 60 21 4 27 77 31 16 46 62 37 23 37 22 48 4 26 40 33 55 41 24 49 43 25 45 43 19 30 20 12 0 47 40 52 31 61 69 49 46 22 37 41 43
23 108 39 64 51 94 86 106 63 44 20 120 44 44 87 90 18 67 83 66 81 47 70 79 69 102 63 51 73 36 72 92 8 30 77 33 59 47 0 41 97 77 94 90 88 54 69 72 80 45
48 81 16 62 33 78 63 79 41 41 31 90 11 51 58 51 48 63 74 62 88 37 49 47 73 85 25 22 33 7 61 76 44 27 66 46 50 40 41 0 89 68 57 49 89 13 60 39 50 4
77 48 74 33 56 20 37 44 49 54 79 62 78 54 52 83 83 30 15 31 33 54 43 58 33 19 77 68 81 93 28 20 91 71 23 64 40 52 97 89 0 21 76 95 20 90 30 63 55 91
59 47 53 15 36 20 26 43 30 33 58 62 57 36 41 69 64 12 6 12 32 33 25 43 22 26 59 47 64 72 8 18 72 51 4 45 19 31 77 68 21 0 64 80 25 70 9 46 41 70
90 38 55 70 49 57 39 40 41 65 77 39 50 77 23 10 92 69 67 67 95 57 41 22 83 61 32 44 24 64 58 56 94 67 60 80 59 61 94 57 76 64 0 23 88 46 61 24 22 54
92 62 54 83 56 77 59 63 52 72 76 62 47 84 44 14 93 82 84 81 110 64 55 38 96 82 29 46 19 55 73 76 92 68 76 84 71 69 90 49 95 80 23 0 105 36 75 34 40 46
66 66 73 27 57 36 50 62 54 49 72 80 79 45 65 94 72 26 21 27 14 52 50 68 19 38 83 70 88 92 32 36 82 67 28 55 39 49 88 89 20 25 88 105 0 93 31 71 66 91
60 75 23 66 36 77 60 74 41 48 43 82 16 59 51 39 60 67 76 66 93 42 48 41 78 83 16 23 22 19 62 75 57 37 67 55 54 46 54 13 90 70 46 36 93 0 62 33 44 9
51 50 45 10 27 27 27 46 23 24 49 65 49 28 39 65 56 8 15 7 35 24 20 39 22 34 52 39 58 64 4 25 64 42 8 37 10 22 69 60 30 9 61 75 31 62 0 41 38 62
66 42 33 49 25 46 29 41 18 41 53 51 30 53 19 25 69 48 50 47 76 33 21 9 62 53 17 21 18 46 39 45 71 43 42 55 37 37 72 39 63 46 24 34 71 33 41 0 11 38
72 31 42 48 31 38 19 30 20 45 61 40 40 56 8 28 76 46 45 45 73 38 18 3 60 43 28 30 28 57 35 36 79 51 38 60 37 41 80 50 55 41 22 40 66 44 38 11 0 49
53 80 19 64 34 79 64 79 42 44 35 89 13 54 57 48 52 65 76 64 91 39 50 47 76 86 23 23 31 10 63 77 48 31 67 49 53 43 45 4 91 70 54 46 91 9 62 38 49 0
