0 29 68 41 46 76 57 64 31 63 63 9 8 17 33 47 64 39 62 41 31 37 61 19 66 34 50 24 14 19 16 71 60 50 54 38 61 35 44 58 25 46 52 21 35 15 36 66 4 28
29 0 83 17 63 68 69 81 38 72 40 21 21 13 21 20 39 18 65 21 3 15 37 17 46 17 22 43 42 36 43 49 32 22 30 63 55 18 65 41 31 55 46 8 32 18 14 40 33 56
68 83 0 80 21 60 15 9 45 17 84 68 71 72 98 102 90 75 30 102 82 97 86 66 80 71 101 44 69 50 55 89 100 90 112 39 51 71 26 72 52 29 53 76 54 67 95 122 68 54
41 17 80 0 62 53 64 80 36 67 23 33 34 24 38 27 23 4 57 34 14 28 21 23 29 9 23 47 55 40 52 32 22 11 37 68 42 9 67 25 31 50 34 22 26 27 28 44 46 65
46 63 21 62 0 57 13 18 26 21 71 47 50 51 77 83 77 58 29 82 63 77 72 46 69 53 83 22 48 29 34 78 84 73 93 23 44 53 10 60 33 16 42 56 37 46 75 103 47 36
76 68 60 53 57 0 48 67 48 43 40 70 72 65 89 79 47 50 30 87 65 81 43 60 32 51 74 62 87 61 76 39 63 59 90 78 16 49 67 30 51 42 24 67 42 64 80 93 80 85
57 69 15 64 13 48 0 19 31 8 69 56 59 58 85 88 75 60 18 89 68 83 71 52 66 56 86 33 60 38 46 74 85 75 98 36 37 56 23 57 38 14 38 63 39 54 82 107 58 49
64 81 9 80 18 67 19 0 44 24 87 65 67 70 95 101 93 76 36 100 81 95 89 64 84 71 101 40 63 47 49 93 101 91 111 32 56 71 20 76 51 31 56 74 55 65 94 121 64 47
31 38 45 36 26 48 31 44 0 35 48 27 30 28 55 57 52 32 31 58 38 52 48 22 48 27 57 16 39 14 28 55 58 47 68 35 32 27 31 39 8 17 25 32 12 24 51 77 34 39
63 72 17 67 21 43 8 24 35 0 68 61 64 63 90 91 75 62 13 93 72 87 70 57 64 59 89 40 67 44 54 73 86 77 102 44 34 58 31 56 43 18 37 67 42 59 86 110 65 57
63 40 84 23 71 40 69 87 48 68 0 54 56 46 60 44 7 24 56 55 38 50 4 44 8 29 37 62 76 57 71 9 24 23 53 83 36 27 78 12 46 56 32 45 36 48 49 54 67 83
9 21 68 33 47 70 56 65 27 61 54 0 3 9 30 40 55 31 58 36 23 32 52 11 58 26 43 25 22 18 22 63 52 41 49 42 55 27 47 50 20 44 46 13 28 6 30 60 13 35
8 21 71 34 50 72 59 67 30 64 56 3 0 10 28 39 56 32 61 34 23 30 54 13 60 27 43 27 21 21 23 64 52 42 47 44 58 29 49 52 23 47 49 13 31 9 29 59 12 35
17 13 72 24 51 65 58 70 28 63 46 9 10 0 27 33 47 22 58 31 14 25 44 6 50 18 35 31 31 23 31 55 43 32 42 50 51 19 52 43 20 45 42 5 25 5 24 53 22 43
33 21 98 38 77 89 85 95 55 90 60 30 28 27 0 22 57 40 85 10 24 11 57 33 67 38 29 55 42 49 50 68 45 38 24 71 76 39 77 62 47 72 67 23 51 31 11 37 35 60
47 20 102 27 83 79 88 101 57 91 44 40 39 33 22 0 40 30 83 13 20 11 40 37 52 33 8 63 59 56 62 51 25 21 11 82 69 33 85 50 50 74 61 28 49 38 12 20 50 75
64 39 90 23 77 47 75 93 52 75 7 55 56 47 57 40 0 24 63 51 36 46 4 45 15 30 32 66 77 60 73 11 17 19 48 87 43 29 83 19 49 62 38 44 40 49 46 48 68 86
39 18 75 4 58 50 60 76 32 62 24 31 32 22 40 30 24 0 53 37 16 31 21 21 28 6 27 44 53 37 49 32 26 15 41 65 39 5 63 23 27 46 30 21 21 25 30 48 44 62
62 65 30 57 29 30 18 36 31 13 56 58 61 58 85 83 63 53 0 86 64 80 59 52 51 50 80 41 68 43 55 60 75 67 93 51 21 50 39 44 38 17 25 61 34 54 79 101 64 61
41 21 102 34 82 87 89 100 58 93 55 36 34 31 10 13 51 37 86 0 22 6 51 36 62 37 21 61 51 54 57 62 38 32 14 78 75 38 83 59 51 75 66 26 52 36 7 27 43 68
31 3 82 14 63 65 68 81 38 72 38 23 23 14 24 20 36 16 64 22 0 16 35 17 44 15 21 44 44 37 45 46 30 19 30 64 53 16 65 39 30 54 44 10 30 19 15 40 35 58
37 15 97 28 77 81 83 95 52 87 50 32 30 25 11 11 46 31 80 6 16 0 46 31 57 31 18 56 48 49 53 57 34 27 17 74 69 32 78 53 45 69 60 21 46 30 1 29 40 65
61 37 86 21 72 43 71 89 48 70 4 52 54 44 57 40 4 21 59 51 35 46 0 42 12 27 33 62 74 56 70 11 20 19 49 83 39 26 79 15 45 58 34 42 36 46 46 50 65 83
19 17 66 23 46 60 52 64 22 57 44 11 13 6 33 37 45 21 52 36 17 31 42 0 47 15 38 26 32 19 29 52 44 33 47 46 46 17 48 40 14 39 37 10 19 4 29 57 23 42
66 46 80 29 69 32 66 84 48 64 8 58 60 50 67 52 15 28 51 62 44 57 12 47 0 33 45 63 79 58 73 9 32 30 61 83 31 31 77 9 46 54 28 50 36 51 56 63 70 85
34 17 71 9 53 51 56 71 27 59 29 26 27 18 38 33 30 6 50 37 15 31 27 15 33 0 30 38 47 31 43 37 31 21 43 59 38 1 57 26 21 42 29 17 17 19 30 51 38 56
50 22 101 23 83 74 86 101 57 89 37 43 43 35 29 8 32 27 80 21 21 18 33 38 45 30 0 64 63 57 65 44 17 15 16 84 65 31 86 44 50 72 57 30 48 40 18 21 54 78
24 43 44 47 22 62 33 40 16 40 62 25 27 31 55 63 66 44 41 61 44 56 62 26 63 38 64 0 28 7 14 70 69 58 72 21 47 38 22 54 17 24 40 36 27 26 54 83 25 23
14 42 69 55 48 87 60 63 39 67 76 22 21 31 42 59 77 53 68 51 44 48 74 32 79 47 63 28 0 26 14 85 74 63 65 33 71 49 43 71 35 52 63 34 46 28 47 78 9 19
19 36 50 40 29 61 38 47 14 44 57 18 21 23 49 56 60 37 43 54 37 49 56 19 58 31 57 7 26 0 15 65 62 51 65 28 45 32 29 49 12 27 38 28 22 18 47 76 21 27
16 43 55 52 34 76 46 49 28 54 71 22 23 31 50 62 73 49 55 57 45 53 70 29 73 43 65 14 14 15 0 79 73 62 70 21 60 45 30 64 26 39 53 35 37 26 52 82 15 13
71 49 89 32 78 39 74 93 55 73 9 63 64 55 68 51 11 32 60 62 46 57 11 52 9 37 44 70 85 65 79 0 28 30 59 91 39 36 85 17 53 62 36 53 43 56 57 59 76 91
60 32 100 22 84 63 85 101 58 86 24 52 52 43 45 25 17 26 75 38 30 34 20 44 32 31 17 69 74 62 73 28 0 11 32 90 57 31 89 34 52 71 50 39 47 47 34 31 65 86
50 22 90 11 73 59 75 91 47 77 23 41 42 32 38 21 19 15 67 32 19 27 19 33 30 21 15 58 63 51 62 30 11 0 31 79 51 20 78 29 42 61 43 29 37 36 27 35 54 75
54 30 112 37 93 90 98 111 68 102 53 49 47 42 24 11 48 41 93 14 30 17 49 47 61 43 16 72 65 65 70 59 32 31 0 91 80 44 94 60 60 84 71 37 60 47 18 13 57 82
38 63 39 68 23 78 36 32 35 44 83 42 44 50 71 82 87 65 51 78 64 74 83 46 83 59 84 21 33 28 21 91 90 79 91 0 63 60 14 74 38 36 59 55 47 45 72 102 36 15
61 55 51 42 44 16 37 56 32 34 36 55 58 51 76 69 43 39 21 75 53 69 39 46 31 38 65 47 71 45 60 39 57 51 80 63 0 37 53 24 36 28 9 53 27 49 68 85 64 70
35 18 71 9 53 49 56 71 27 58 27 27 29 19 39 33 29 5 50 38 16 32 26 17 31 1 31 38 49 32 45 36 31 20 44 60 37 0 58 24 22 42 28 19 17 21 31 51 40 57
44 65 26 67 10 67 23 20 31 31 78 47 49 52 77 85 83 63 39 83 65 78 79 48 77 57 86 22 43 29 30 85 89 78 94 14 53 58 0 68 36 25 50 57 43 48 76 105 44 28
58 41 72 25 60 30 57 76 39 56 12 50 52 43 62 50 19 23 44 59 39 53 15 40 9 26 44 54 71 49 64 17 34 29 60 74 24 24 68 0 38 45 20 43 27 44 52 63 63 76
25 31 52 31 33 51 38 51 8 43 46 20 23 20 47 50 49 27 38 51 30 45 45 14 46 21 50 17 35 12 26 53 52 42 60 38 36 22 36 38 0 25 28 25 11 16 44 70 29 38
46 55 29 50 16 42 14 31 17 18 56 44 47 45 72 74 62 46 17 75 54 69 58 39 54 42 72 24 52 27 39 62 71 61 84 36 28 42 25 45 25 0 26 49 25 41 68 93 48 45
52 46 53 34 42 24 38 56 25 37 32 46 49 42 67 61 38 30 25 66 44 60 34 37 28 29 57 40 63 38 53 36 50 43 71 59 9 28 50 20 28 26 0 44 18 40 59 77 56 64
21 8 76 22 56 67 63 74 32 67 45 13 13 5 23 28 44 21 61 26 10 21 42 10 50 17 30 36 34 28 35 53 39 29 37 55 53 19 57 43 25 49 44 0 28 10 19 48 25 48
35 32 54 26 37 42 39 55 12 42 36 28 31 25 51 49 40 21 34 52 30 46 36 19 36 17 48 27 46 22 37 43 47 37 60 47 27 17 43 27 11 25 18 28 0 23 45 68 39 49
15 18 67 27 46 64 54 65 24 59 48 6 9 5 31 38 49 25 54 36 19 30 46 4 51 19 40 26 28 18 26 56 47 36 47 45 49 21 48 44 16 41 40 10 23 0 29 58 19 39
36 14 95 28 75 80 82 94 51 86 49 30 29 24 11 12 46 30 79 7 15 1 46 29 56 30 18 54 47 47 52 57 34 27 18 72 68 31 76 52 44 68 59 19 45 29 0 31 39 64
66 40 122 44 103 93 107 121 77 110 54 60 59 53 37 20 48 48 101 27 40 29 50 57 63 51 21 83 78 76 82 59 31 35 13 102 85 51 105 63 70 93 77 48 68 58 31 0 70 94
4 33 68 46 47 80 58 64 34 65 67 13 12 22 35 50 68 44 64 43 35 40 65 23 70 38 54 25 9 21 15 76 65 54 57 36 64 40 44 63 29 48 56 25 39 19 39 70 0 25
28 56 54 65 36 85 49 47 39 57 83 35 35 43 60 75 86 62 61 68 58 65 83 42 85 56 78 23 19 27 13 91 86 75 82 15 70 57 28 76 38 45 64 48 49 39 64 94 25 0
