0 90 40 28 108 32 69 78 67 91 10 60 95 19 81 59 71 17 58 29 83 34 69 73 61 57 27 30 54 73 24 69 7 76 55 54 39 73 78 41 51 28 60 87 17 78 53 90 18 92
90 0 50 97 54 62 35 19 25 70 82 43 48 93 93 50 30 83 40 82 33 93 24 30 42 35 65 61 38 42 67 50 97 33 74 102 78 65 97 57 80 62 30 28 73 67 49 86 81 28
40 50 0 54 80 21 31 42 27 74 34 24 68 48 80 38 38 33 21 42 52 54 28 34 34 22 15 11 20 46 20 47 47 38 51 69 45 59 80 15 53 13 20 48 24 63 21 82 36 58
28 97 54 0 100 36 86 81 79 76 24 77 88 9 59 54 72 44 75 15 80 9 80 88 59 62 46 48 59 68 34 62 30 92 39 27 23 60 55 62 33 42 69 102 33 64 73 71 18 91
108 54 80 100 0 76 83 43 69 32 98 87 13 101 64 49 42 109 83 86 29 92 68 79 48 58 93 89 60 35 86 39 115 84 63 90 77 43 70 94 70 86 65 82 93 40 91 50 92 27
32 62 21 36 76 0 52 48 44 62 22 45 64 31 61 28 40 35 41 22 51 33 44 53 29 27 22 21 24 41 10 38 39 58 33 48 23 45 61 34 33 14 34 67 17 50 42 66 19 60
69 35 31 86 83 52 0 40 15 89 65 10 74 79 103 57 45 57 11 73 56 85 16 6 50 35 42 40 36 58 51 63 75 7 77 99 74 78 105 29 81 44 24 18 55 81 18 102 67 57
78 19 42 81 43 48 40 0 25 53 70 44 34 78 75 32 11 74 40 66 16 76 24 36 24 21 56 53 24 23 55 31 85 41 55 83 61 47 78 53 61 52 23 41 61 48 49 68 67 17
67 25 27 79 69 44 15 25 0 74 61 19 59 74 90 44 30 59 16 65 41 77 1 13 36 22 41 38 23 43 46 49 74 18 65 89 64 64 92 32 69 40 11 24 51 67 25 87 62 42
91 70 74 76 32 62 89 53 74 0 81 89 26 80 32 36 45 97 85 64 37 67 74 87 41 55 83 80 56 31 72 27 97 92 37 61 54 17 38 89 44 75 66 94 79 13 91 18 73 45
10 82 34 24 98 22 65 70 61 81 0 56 86 16 72 49 62 21 54 21 73 28 62 68 52 49 23 25 46 63 15 59 17 72 46 48 30 64 70 38 42 21 52 82 10 68 50 81 9 83
60 43 24 77 87 45 10 44 19 89 56 0 77 70 100 55 46 47 4 66 59 77 20 15 48 34 33 30 34 58 43 62 65 17 73 93 68 77 101 19 75 35 23 28 46 80 8 100 59 61
95 48 68 88 13 64 74 34 59 26 86 77 0 89 57 36 31 97 73 74 18 80 58 70 35 46 80 77 48 23 73 27 103 75 51 79 65 32 62 82 59 73 54 74 80 30 81 44 80 21
19 93 48 9 101 31 79 78 74 80 16 70 89 0 65 53 70 35 68 16 79 16 75 82 58 58 39 40 55 68 28 62 22 86 42 35 26 62 61 54 37 35 64 96 25 67 65 76 12 90
81 93 80 59 64 61 103 75 90 32 72 100 57 65 0 46 64 92 96 52 62 49 90 102 55 68 83 82 67 51 69 43 86 108 29 35 42 28 6 94 30 75 80 113 74 28 100 16 63 72
59 50 38 54 49 28 57 32 44 36 49 55 36 53 46 0 21 62 51 39 27 47 43 56 9 22 47 44 22 14 38 10 66 62 24 52 31 22 49 53 30 40 34 66 45 25 56 45 44 37
71 30 38 72 42 40 45 11 30 45 62 46 31 70 64 21 0 69 42 57 13 66 29 42 13 16 52 48 18 14 48 21 79 47 45 73 51 37 68 51 51 46 23 49 55 39 50 59 59 21
17 83 33 44 109 35 57 74 59 97 21 47 97 35 92 62 69 0 47 42 82 49 60 62 62 54 18 22 51 74 25 72 20 64 64 69 50 80 90 28 62 23 53 75 18 84 40 99 30 90
58 40 21 75 83 41 11 40 16 85 54 4 73 68 96 51 42 47 0 63 55 74 17 15 44 30 31 28 29 54 40 58 64 18 69 89 64 72 97 19 72 33 19 29 43 76 9 96 56 58
29 82 42 15 86 22 73 66 65 64 21 66 74 16 52 39 57 42 63 0 65 11 66 75 44 47 38 38 44 53 24 47 35 80 27 28 10 47 49 52 22 32 55 89 25 51 62 61 12 76
83 33 52 80 29 51 56 16 41 37 73 59 18 79 62 27 13 82 55 65 0 74 40 52 22 29 65 61 32 13 60 21 90 58 48 77 58 34 67 65 55 59 36 58 67 35 63 54 69 11
34 93 54 9 92 33 85 76 77 67 28 77 80 16 49 47 66 49 74 11 74 0 77 86 53 58 48 49 55 61 35 54 38 91 30 20 16 51 46 63 23 43 66 100 35 55 73 62 20 84
69 24 28 80 68 44 16 24 1 74 62 20 58 75 90 43 29 60 17 66 40 77 0 13 35 22 42 39 24 42 47 48 75 19 65 90 65 64 92 34 69 41 11 24 52 66 26 87 63 41
73 30 34 88 79 53 6 36 13 87 68 15 70 82 102 56 42 62 15 75 52 86 13 0 48 34 46 43 35 55 54 61 79 6 77 100 75 77 104 34 81 47 23 14 58 79 23 100 70 52
61 42 34 59 48 29 50 24 36 41 52 48 35 58 55 9 13 62 44 44 22 53 35 48 0 15 45 42 15 13 38 14 68 54 32 60 38 29 57 49 38 38 26 58 45 32 50 52 47 32
57 35 22 62 58 27 35 21 22 55 49 34 46 58 68 22 16 54 30 47 29 58 22 34 15 0 36 33 3 25 34 29 64 40 43 68 44 43 70 36 48 31 12 45 40 46 36 66 47 36
27 65 15 46 93 22 42 56 41 83 23 33 80 39 83 47 52 18 31 38 65 48 42 46 45 36 0 4 33 58 14 57 33 49 55 66 43 67 82 15 54 8 35 60 14 71 27 88 28 72
30 61 11 48 89 21 40 53 38 80 25 30 77 40 82 44 48 22 28 38 61 49 39 43 42 33 4 0 30 55 14 54 36 47 53 66 43 64 81 14 53 7 31 57 15 68 25 86 29 69
54 38 20 59 60 24 36 24 23 56 46 34 48 55 67 22 18 51 29 44 32 55 24 35 15 3 33 30 0 26 30 29 61 41 42 66 42 43 69 34 46 28 13 47 37 46 35 66 43 39
73 42 46 68 35 41 58 23 43 31 63 58 23 68 51 14 14 74 54 53 13 61 42 55 13 25 58 55 26 0 50 9 80 61 35 64 45 23 55 61 42 51 35 63 57 25 61 45 58 24
24 67 20 34 86 10 51 55 46 72 15 43 73 28 69 38 48 25 40 24 60 35 47 54 38 34 14 14 30 50 0 48 31 58 41 52 29 55 68 28 40 8 37 68 7 59 39 75 16 69
69 50 47 62 39 38 63 31 49 27 59 62 27 62 43 10 21 72 58 47 21 54 48 61 14 29 57 54 29 9 48 0 76 67 27 56 39 16 47 62 34 50 40 70 55 18 64 38 53 32
7 97 47 30 115 39 75 85 74 97 17 65 103 22 86 66 79 20 64 35 90 38 75 79 68 64 33 36 61 80 31 76 0 82 61 57 45 80 83 46 57 34 66 93 24 84 59 96 24 99
76 33 38 92 84 58 7 41 18 92 72 17 75 86 108 62 47 64 18 80 58 91 19 6 54 40 49 47 41 61 58 67 82 0 83 105 80 82 110 36 86 51 28 11 62 85 24 106 74 57
55 74 51 39 63 33 77 55 65 37 46 73 51 42 29 24 45 64 69 27 48 30 65 77 32 43 55 53 42 35 41 27 61 83 0 29 17 21 29 65 7 47 54 89 46 25 72 35 37 59
54 102 69 27 90 48 99 83 89 61 48 93 79 35 35 52 73 69 89 28 77 20 90 100 60 68 66 66 66 64 52 56 57 105 29 0 25 47 30 80 22 60 78 113 54 50 90 50 39 88
39 78 45 23 77 23 74 61 64 54 30 68 65 26 42 31 51 50 64 10 58 16 65 75 38 44 43 43 42 45 29 39 45 80 17 25 0 37 40 57 12 36 54 88 33 41 65 51 21 69
73 65 59 60 43 45 78 47 64 17 64 77 32 62 28 22 37 80 72 47 34 51 64 77 29 43 67 64 43 23 55 16 80 82 21 47 37 0 32 74 28 59 55 86 61 4 78 23 56 45
78 97 80 55 70 61 105 78 92 38 70 101 62 61 6 49 68 90 97 49 67 46 92 104 57 70 82 81 69 55 68 47 83 110 29 30 40 32 0 94 28 75 82 115 73 33 101 22 61 77
41 57 15 62 94 34 29 53 32 89 38 19 82 54 94 53 51 28 19 52 65 63 34 34 49 36 15 14 34 61 28 62 46 36 65 80 57 74 94 0 66 21 30 47 29 78 12 97 43 70
51 80 53 33 70 33 81 61 69 44 42 75 59 37 30 30 51 62 72 22 55 23 69 81 38 48 54 53 46 42 40 34 57 86 7 22 12 28 28 66 0 46 58 93 44 32 74 39 34 66
28 62 13 42 86 14 44 52 40 75 21 35 73 35 75 40 46 23 33 32 59 43 41 47 38 31 8 7 28 51 8 50 34 51 47 60 36 59 75 21 46 0 32 61 11 63 31 80 24 67
60 30 20 69 65 34 24 23 11 66 52 23 54 64 80 34 23 53 19 55 36 66 11 23 26 12 35 31 13 35 37 40 66 28 54 78 54 55 82 30 58 32 0 35 43 58 27 78 52 40
87 28 48 102 82 67 18 41 24 94 82 28 74 96 113 66 49 75 29 89 58 100 24 14 58 45 60 57 47 63 68 70 93 11 89 113 88 86 115 47 93 61 35 0 72 88 36 108 84 55
17 73 24 33 93 17 55 61 51 79 10 46 80 25 74 45 55 18 43 25 67 35 52 58 45 40 14 15 37 57 7 55 24 62 46 54 33 61 73 29 44 11 43 72 0 66 40 81 15 75
78 67 63 64 40 50 81 48 67 13 68 80 30 67 28 25 39 84 76 51 35 55 66 79 32 46 71 68 46 25 59 18 84 85 25 50 41 4 33 78 32 63 58 88 66 0 81 21 60 44
53 49 21 73 91 42 18 49 25 91 50 8 81 65 100 56 50 40 9 62 63 73 26 23 50 36 27 25 35 61 39 64 59 24 72 90 65 78 101 12 74 31 27 36 40 81 0 101 54 66
90 86 82 71 50 66 102 68 87 18 81 100 44 76 16 45 59 99 96 61 54 62 87 100 52 66 88 86 66 45 75 38 96 106 35 50 51 23 22 97 39 80 78 108 81 21 101 0 72 62
18 81 36 18 92 19 67 67 62 73 9 59 80 12 63 44 59 30 56 12 69 20 63 70 47 47 28 29 43 58 16 53 24 74 37 39 21 56 61 43 34 24 52 84 15 60 54 72 0 79
92 28 58 91 27 60 57 17 42 45 83 61 21 90 72 37 21 90 58 76 11 84 41 52 32 36 72 69 39 24 69 32 99 57 59 88 69 45 77 70 66 67 40 55 75 44 66 62 79 0
