0 86 43 67 55 76 78 108 101 58 42 93 44 21 25 35 57 17 60 101 11 54 59 72 82 61 59 73 43 67 70 15 36 61 102 15 70 64 23 84 19 52 94 10 62 50 70 53 52 4 14 4 106 73 48 50 34 108 68 93 86 60 26 32 71 51 56 98 49 36 45 72 53 28 68 78 49 61 25 15 94 9 41 56 66 46 50 37 76 33 11 100 50 87 85 61 44 31 68 32
86 0 77 23 48 18 60 24 17 51 70 7 62 97 64 75 52 71 38 19 76 50 75 28 32 72 28 31 48 43 42 86 72 81 16 77 21 46 63 6 94 82 15 78 62 87 48 73 43 86 77 87 21 13 45 70 69 22 32 50 10 44 81 69 57 66 49 42 37 81 86 45 43 80 39 28 38 66 99 95 49 81 86 35 39 72 39 103 30 70 77 15 60 5 43 36 78 76 33 63
43 77 0 68 71 60 41 100 93 28 7 82 14 34 48 68 27 44 70 96 41 72 16 77 57 89 58 80 56 39 83 29 68 93 89 50 70 36 40 78 33 10 78 34 24 12 86 83 34 46 30 40 97 66 61 10 64 96 47 60 82 35 17 62 35 78 29 69 47 8 9 86 66 64 79 84 52 87 33 37 61 34 10 63 41 5 58 30 53 64 35 87 18 80 55 70 2 65 47 57
67 23 68 0 25 28 65 41 34 49 62 30 55 81 43 52 49 51 15 34 57 27 71 10 43 50 11 14 26 46 23 70 49 58 39 57 2 47 44 18 79 76 37 61 61 80 28 50 36 66 60 69 39 13 22 64 46 43 35 62 19 42 67 47 59 43 46 58 21 70 77 26 20 57 19 16 19 44 84 78 62 64 77 12 41 65 17 90 38 48 59 38 54 21 53 13 70 54 35 41
55 48 71 25 0 50 81 62 56 61 65 54 60 73 30 30 60 38 10 55 45 2 79 22 65 26 26 21 15 62 16 62 27 34 63 41 26 62 35 42 70 80 61 51 72 83 16 25 47 52 52 57 61 37 10 70 25 67 53 83 42 56 64 26 74 18 58 81 29 70 79 17 6 36 14 27 23 21 76 68 83 54 77 15 57 69 15 86 59 26 49 62 62 45 74 12 73 32 54 23
76 18 60 28 50 0 42 41 35 34 54 22 46 84 57 73 34 62 41 38 66 52 57 37 16 76 25 40 44 25 50 73 70 84 29 70 27 28 54 22 81 64 18 67 44 70 56 75 27 76 65 77 38 15 44 52 66 35 13 35 27 26 66 66 38 68 32 31 29 65 70 54 44 76 47 40 33 70 85 82 35 70 70 35 21 55 37 88 12 67 66 27 43 23 26 39 62 73 14 59
78 60 41 65 81 42 0 81 75 22 38 62 34 75 72 92 23 72 75 79 72 83 28 75 29 105 57 79 69 20 87 68 91 112 66 80 66 19 65 64 73 38 53 68 17 45 92 102 35 81 65 76 77 56 72 31 87 72 31 21 69 25 56 85 8 95 25 33 52 49 47 90 75 92 83 80 58 101 74 76 22 70 50 67 25 36 66 70 30 87 68 64 28 65 21 73 41 91 30 78
108 24 100 41 62 41 81 0 7 75 94 19 86 120 84 91 75 91 52 7 97 64 98 40 52 82 49 41 66 66 51 109 88 91 16 98 38 69 84 24 117 105 28 100 85 111 56 85 66 107 99 109 4 35 63 93 86 13 55 67 21 67 104 87 79 79 73 56 59 104 110 53 59 97 50 36 59 76 122 117 66 103 110 53 62 96 58 127 52 87 98 18 84 21 61 51 102 93 55 81
101 17 93 34 56 35 75 7 0 68 87 13 79 113 77 86 68 85 47 4 90 58 91 34 46 78 42 36 60 59 46 102 82 87 13 91 32 62 78 17 110 98 23 93 79 104 52 80 59 100 92 102 5 28 56 86 80 13 48 62 15 60 97 81 73 74 66 52 52 97 103 49 53 91 45 31 52 71 115 110 61 96 103 46 55 89 52 120 45 81 92 14 77 14 56 45 95 87 49 75
58 51 28 49 61 34 22 75 68 0 22 56 16 58 49 70 1 50 56 71 51 63 23 59 29 84 39 62 48 11 69 49 69 90 62 58 50 8 43 53 56 31 50 48 12 37 73 80 14 60 44 56 71 43 51 19 64 69 20 35 58 8 39 63 14 74 3 42 32 34 37 72 55 69 65 65 38 80 58 58 36 49 38 48 13 23 46 58 25 65 47 60 10 55 28 55 29 69 19 56
42 70 7 62 65 54 38 94 87 22 0 75 8 37 44 65 21 41 64 89 38 66 17 71 51 84 51 73 50 34 77 30 64 89 83 47 63 30 36 71 35 15 72 32 21 18 80 79 27 45 29 39 91 60 55 8 60 89 41 56 75 29 18 58 31 73 23 64 41 12 16 80 60 61 73 77 45 82 36 38 57 33 16 56 35 4 52 35 47 60 33 81 12 73 50 63 9 62 40 52
93 7 82 30 54 22 62 19 13 56 75 0 67 103 71 82 56 77 44 17 82 57 79 34 33 78 35 37 55 47 48 92 79 87 9 84 28 50 70 12 101 86 11 85 66 92 54 79 48 92 83 94 16 20 52 74 76 15 35 49 14 48 87 76 59 73 54 40 44 86 91 51 50 87 46 34 45 72 105 101 49 88 92 42 42 77 46 109 32 77 83 8 65 10 43 42 83 83 36 70
44 62 14 55 60 46 34 86 79 16 8 67 0 43 41 63 15 40 58 81 39 61 19 64 44 81 44 67 45 27 71 34 62 85 75 47 56 23 34 63 40 21 64 34 18 26 74 76 20 47 31 42 83 52 50 10 57 81 33 50 68 21 23 56 26 69 16 58 34 19 24 74 54 60 67 70 39 77 42 43 51 35 24 50 28 10 46 43 40 57 34 73 6 66 44 57 16 60 33 49
21 97 34 81 73 84 75 120 113 58 37 103 43 0 43 56 57 35 77 114 28 73 50 88 86 82 71 89 60 69 88 11 57 82 112 35 83 66 39 96 3 41 102 21 58 37 89 74 57 25 21 17 117 85 65 44 55 118 74 93 99 63 19 53 68 71 58 100 61 26 32 90 70 49 85 94 62 82 4 6 94 19 28 71 69 39 66 17 81 54 24 110 48 99 86 77 35 52 73 52
25 64 48 43 30 57 72 84 77 49 44 71 41 43 0 21 49 9 35 77 15 30 60 47 66 42 35 47 18 55 45 33 20 45 80 14 45 54 8 60 41 58 74 22 58 59 45 35 38 23 23 28 82 51 23 51 16 85 52 81 62 48 37 14 64 30 47 83 28 45 54 47 28 20 42 53 26 40 47 38 81 25 52 31 53 48 26 57 60 16 20 78 46 63 72 35 50 19 53 9
35 75 68 52 30 73 92 91 86 70 65 82 63 56 21 0 70 25 39 84 30 28 81 52 85 26 48 51 28 75 44 48 3 26 91 21 54 74 29 70 54 79 87 38 79 79 41 18 59 31 40 39 91 63 30 72 6 96 71 100 71 69 55 7 85 17 68 101 45 64 74 44 32 8 43 57 40 27 60 50 101 39 71 40 72 69 36 72 78 6 36 90 67 73 91 41 70 4 71 15
57 52 27 49 60 34 23 75 68 1 21 56 15 57 49 70 0 49 56 71 50 62 23 59 30 84 39 62 47 12 69 48 68 90 63 57 50 9 42 54 55 30 51 47 12 36 73 80 14 59 43 55 72 43 51 18 64 69 21 36 59 8 38 62 15 73 3 43 32 34 36 72 54 69 65 65 38 80 57 57 37 48 37 48 14 22 45 57 26 64 46 61 9 56 29 55 28 68 20 55
17 71 44 51 38 62 72 91 85 50 41 77 40 35 9 25 49 0 43 85 7 38 57 55 70 48 43 56 26 58 54 25 25 50 87 8 53 55 8 68 33 54 80 14 57 54 54 41 41 15 16 19 89 58 31 48 21 92 56 83 70 50 31 19 64 37 48 87 34 40 49 55 36 21 51 62 33 47 39 30 84 16 46 39 55 45 34 49 64 20 12 85 45 71 75 44 46 21 56 16
60 38 70 15 10 41 75 52 47 56 64 44 58 77 35 39 56 43 0 45 50 12 76 13 57 35 18 13 17 55 13 66 36 43 53 48 16 56 38 32 74 79 52 55 68 82 17 35 42 58 56 62 52 28 12 68 34 57 46 75 32 51 66 35 69 28 53 72 24 71 79 16 7 45 9 19 19 29 80 72 75 58 77 8 51 68 12 88 51 35 53 52 59 35 66 2 72 41 47 30
101 19 96 34 55 38 79 7 4 71 89 17 81 114 77 84 71 85 45 0 90 57 94 33 50 75 43 34 60 63 44 103 81 84 17 91 32 65 78 18 111 101 27 94 82 107 49 78 62 100 93 103 8 30 56 89 79 16 51 66 15 63 98 80 76 72 68 57 53 99 105 46 52 90 43 29 52 69 116 111 65 97 105 46 58 91 51 121 49 80 92 19 79 16 60 44 97 86 52 74
11 76 41 57 45 66 72 97 90 51 38 82 39 28 15 30 50 7 50 90 0 45 55 62 73 54 48 62 33 59 60 19 30 56 92 9 59 57 13 73 26 51 84 8 56 50 60 47 43 10 11 13 95 63 38 46 27 97 59 85 75 52 26 25 64 43 49 89 39 35 45 62 43 24 57 68 38 53 32 23 86 10 42 45 57 42 40 43 67 26 6 90 44 76 77 50 42 26 59 23
54 50 72 27 2 52 83 64 58 63 66 57 61 73 30 28 62 38 12 57 45 0 81 24 67 24 28 23 16 64 16 63 25 32 65 41 29 64 35 44 70 82 64 52 74 84 16 23 49 52 52 57 63 40 12 72 24 69 55 85 44 58 65 25 76 16 59 83 31 71 80 17 8 35 15 28 25 18 76 68 85 54 78 17 59 71 17 86 61 25 49 64 64 47 76 14 74 31 56 22
59 75 16 71 79 57 28 98 91 23 17 79 19 50 60 81 23 57 76 94 55 81 0 81 50 100 61 84 65 32 89 45 80 105 85 64 72 29 53 77 49 10 73 49 13 17 93 95 35 62 46 56 94 66 69 9 76 91 43 48 82 31 33 75 23 89 26 59 52 24 20 93 73 78 85 87 57 97 49 53 49 50 23 68 36 13 65 43 47 76 50 83 17 79 45 75 16 79 42 68
72 28 77 10 22 37 75 40 34 59 71 34 64 88 47 52 59 55 13 33 62 24 81 0 53 44 20 4 29 56 14 77 49 53 42 60 10 57 50 22 85 85 43 67 71 89 20 46 46 70 66 74 39 21 24 74 47 45 45 72 20 52 75 48 70 40 56 67 30 79 86 18 20 58 12 7 26 38 90 84 71 70 85 16 51 74 22 98 48 48 65 41 64 24 63 12 79 54 46 43
82 32 57 43 65 16 29 52 46 29 51 33 44 86 66 85 30 70 57 50 73 67 50 53 0 91 39 56 57 18 66 76 82 98 37 79 43 22 62 37 84 59 24 72 36 65 72 89 30 83 70 81 48 31 57 48 78 43 14 19 42 23 67 77 28 82 29 17 40 64 66 70 59 86 62 56 45 85 86 85 19 75 67 50 17 52 51 87 6 79 71 35 39 37 10 54 58 84 14 70
61 72 89 50 26 76 105 82 78 84 84 78 81 82 42 26 84 48 35 75 54 24 100 44 91 0 51 42 37 86 31 73 24 9 86 46 51 86 49 66 79 99 86 62 95 101 26 8 71 57 64 65 82 63 34 91 27 89 79 108 65 80 79 29 98 11 81 107 53 86 96 29 32 34 33 46 47 6 85 76 109 64 93 41 82 89 40 97 85 28 60 86 84 68 99 37 91 30 79 33
59 28 58 11 26 25 57 49 42 39 51 35 44 71 35 48 39 43 18 43 48 28 61 20 39 51 0 23 20 38 30 60 46 59 44 49 13 38 35 25 69 65 39 51 51 69 34 50 26 58 50 60 47 15 19 53 42 50 28 57 28 33 57 42 51 43 36 55 11 60 67 33 19 52 26 26 10 46 74 68 57 54 66 11 33 54 12 80 33 43 49 43 44 28 48 16 59 49 29 35
73 31 80 14 21 40 79 41 36 62 73 37 67 89 47 51 62 56 13 34 62 23 84 4 56 42 23 0 30 59 11 78 48 51 45 60 13 60 51 25 86 88 46 68 74 92 17 44 49 71 68 75 41 25 25 76 46 48 48 75 23 56 77 47 73 38 59 70 33 81 89 14 20 57 9 6 28 36 92 85 75 71 88 18 54 77 23 100 51 47 66 44 67 27 66 12 82 53 49 42
43 48 56 26 15 44 69 66 60 48 50 55 45 60 18 28 47 26 17 60 33 16 65 29 57 37 20 30 0 50 29 49 26 43 64 31 28 50 21 43 57 65 59 38 59 68 30 33 34 41 38 45 65 35 5 56 22 69 44 73 45 44 49 22 61 26 45 73 17 55 64 31 11 32 25 35 12 33 63 55 74 41 62 13 46 55 8 72 51 23 36 63 48 47 64 18 58 29 44 15
67 43 39 46 62 25 20 66 59 11 34 47 27 69 55 75 12 58 55 63 59 64 32 56 18 86 38 59 50 0 67 60 73 93 52 66 46 4 50 46 66 41 40 57 19 47 72 83 17 69 54 66 62 37 52 30 69 59 12 26 51 7 50 68 14 76 11 31 33 46 48 71 55 76 63 61 39 82 69 69 26 59 49 48 5 34 46 69 15 70 56 50 21 48 18 54 40 74 11 61
70 42 83 23 16 50 87 51 46 69 77 48 71 88 45 44 69 54 13 44 60 16 89 14 66 31 30 11 29 67 0 77 41 40 56 57 23 68 50 36 85 92 57 67 81 95 6 34 55 68 67 73 51 35 23 81 40 58 57 85 34 63 78 41 81 29 66 81 37 83 92 4 18 51 4 15 32 25 91 83 85 69 90 21 62 81 25 100 61 41 64 55 72 38 76 14 85 47 58 38
15 86 29 70 62 73 68 109 102 49 30 92 34 11 33 48 48 25 66 103 19 63 45 77 76 73 60 78 49 60 77 0 49 74 101 27 72 56 28 85 8 38 92 11 51 35 78 66 47 19 10 11 106 73 54 38 46 107 63 84 88 53 12 44 60 62 48 91 50 22 30 79 59 42 74 83 51 72 14 9 85 9 26 60 59 33 55 24 71 45 13 99 40 87 77 66 30 44 63 42
36 72 68 49 27 70 91 88 82 69 64 79 62 57 20 3 68 25 36 81 30 25 80 49 82 24 46 48 26 73 41 49 0 25 88 22 51 72 28 67 55 78 84 38 78 79 38 17 57 33 41 40 87 60 27 71 4 92 68 98 68 67 56 6 83 15 66 99 42 64 74 41 29 11 40 53 38 25 61 51 98 40 71 37 70 68 33 73 76 4 36 87 66 70 89 38 70 6 69 13
61 81 93 58 34 84 112 91 87 90 89 87 85 82 45 26 90 50 43 84 56 32 105 53 98 9 59 51 43 93 40 74 25 0 95 47 60 93 53 75 80 103 95 64 101 104 35 10 77 57 66 65 91 71 41 95 29 98 86 116 74 87 81 31 104 17 87 115 60 90 99 38 40 33 42 55 55 15 86 76 116 65 96 49 89 93 48 98 92 30 62 95 89 77 107 46 95 30 87 36
102 16 89 39 63 29 66 16 13 62 83 9 75 112 80 91 63 87 53 17 92 65 85 42 37 86 44 45 64 52 56 101 88 95 0 94 37 56 79 21 109 93 13 94 72 99 61 88 56 102 92 103 12 29 61 81 85 6 42 51 22 55 95 85 64 81 60 40 53 94 98 59 59 96 54 41 54 80 113 110 50 97 99 51 49 84 56 117 38 86 92 2 72 18 46 51 91 92 43 79
15 77 50 57 41 70 80 98 91 58 47 84 47 35 14 21 57 8 48 91 9 41 64 60 79 46 49 60 31 66 57 27 22 47 94 0 59 64 16 74 33 60 87 17 65 60 56 39 49 11 20 18 96 65 36 55 20 99 64 91 76 59 35 18 72 36 56 95 41 45 54 58 40 15 54 66 40 47 39 29 92 18 51 45 64 52 39 51 72 18 16 92 53 77 83 49 52 17 64 18
70 21 70 2 26 27 66 38 32 50 63 28 56 83 45 54 50 53 16 32 59 29 72 10 43 51 13 13 28 46 23 72 51 60 37 59 0 48 46 16 81 77 35 63 62 82 29 52 37 68 62 71 37 12 25 65 49 41 35 62 17 43 69 49 60 45 47 57 23 72 79 27 22 59 20 15 21 45 86 80 62 66 78 15 41 66 20 92 38 50 61 36 56 19 53 14 72 56 36 43
64 46 36 47 62 28 19 69 62 8 30 50 23 66 54 74 9 55 56 65 57 64 29 57 22 86 38 60 50 4 68 56 72 93 56 64 48 0 48 49 63 38 44 54 16 44 73 83 16 66 51 63 65 39 52 26 68 62 15 28 54 6 46 67 13 76 8 35 33 42 44 72 55 74 64 63 39 82 66 65 29 56 45 48 7 30 46 65 18 68 53 54 18 50 21 54 37 73 14 59
23 63 40 44 35 54 65 84 78 43 36 70 34 39 8 29 42 8 38 78 13 35 53 50 62 49 35 51 21 50 50 28 28 53 79 16 46 48 0 60 36 51 72 17 51 52 51 43 33 22 17 25 82 50 26 43 24 85 48 76 63 43 30 22 57 38 41 79 26 37 47 52 32 26 47 56 26 47 42 34 76 20 44 33 48 41 28 51 56 23 15 77 39 64 67 39 42 26 48 16
84 6 78 18 42 22 64 24 17 53 71 12 63 96 60 70 54 68 32 18 73 44 77 22 37 66 25 25 43 46 36 85 67 75 21 74 16 49 60 0 93 83 21 76 65 89 42 67 43 83 75 85 22 11 40 71 64 25 34 55 5 46 80 65 60 61 51 48 35 81 87 39 38 75 33 22 35 60 98 93 55 79 87 30 42 73 35 103 34 66 74 20 61 3 48 30 79 72 35 58
19 94 33 79 70 81 73 117 110 56 35 101 40 3 41 54 55 33 74 111 26 70 49 85 84 79 69 86 57 66 85 8 55 80 109 33 81 63 36 93 0 40 100 19 56 36 86 72 55 23 19 15 115 82 62 42 52 115 71 90 96 60 17 50 66 69 55 98 58 25 31 87 68 47 82 92 59 79 6 5 91 16 27 69 67 37 63 18 78 51 21 107 46 96 84 74 33 50 71 49
52 82 10 76 80 64 38 105 98 31 15 86 21 41 58 79 30 54 79 101 51 82 10 85 59 99 65 88 65 41 92 38 78 103 93 60 77 38 51 83 40 0 81 44 23 7 95 94 40 56 40 49 102 72 70 12 74 99 51 58 88 38 26 72 33 88 33 69 55 16 10 95 75 75 88 92 60 97 39 45 60 44 13 71 44 11 67 33 56 74 45 91 22 85 55 78 9 76 50 67
94 15 78 37 61 18 53 28 23 50 72 11 64 102 74 87 51 80 52 27 84 64 73 43 24 86 39 46 59 40 57 92 84 95 13 87 35 44 72 21 100 81 0 85 59 87 63 87 45 94 83 95 24 24 57 69 81 19 30 39 25 43 85 81 52 80 49 29 46 83 87 60 56 91 54 43 48 80 104 101 38 88 88 48 37 73 51 106 25 82 84 10 60 20 33 49 79 88 31 74
10 78 34 61 51 67 68 100 93 48 32 85 34 21 22 38 47 14 55 94 8 52 49 67 72 62 51 68 38 57 67 11 38 64 94 17 63 54 17 76 19 44 85 0 52 43 67 55 42 13 4 9 98 66 44 40 35 100 59 82 79 50 18 33 60 51 46 88 41 28 37 68 49 32 64 73 42 61 25 17 83 3 34 50 56 36 45 35 67 34 2 92 40 79 75 56 35 34 59 31
62 62 24 61 72 44 17 85 79 12 21 66 18 58 58 79 12 57 68 82 56 74 13 71 36 95 51 74 59 19 81 51 78 101 72 65 62 16 51 65 56 23 59 52 0 30 85 91 26 64 48 60 81 55 62 14 74 78 31 36 70 19 39 72 10 84 15 46 44 32 31 84 66 77 77 77 50 91 57 59 37 53 34 60 23 19 57 54 34 74 52 69 12 66 32 67 25 77 30 65
50 87 12 80 83 70 45 111 104 37 18 92 26 37 59 79 36 54 82 107 50 84 17 89 65 101 69 92 68 47 95 35 79 104 99 60 82 44 52 89 36 7 87 43 30 0 98 95 45 54 39 47 108 77 73 18 75 105 57 65 93 44 24 73 40 89 39 75 59 15 6 98 78 74 91 96 64 98 35 41 66 42 9 75 50 15 70 27 62 74 44 97 27 91 62 82 10 76 56 68
70 48 86 28 16 56 92 56 52 73 80 54 74 89 45 41 73 54 17 49 60 16 93 20 72 26 34 17 30 72 6 78 38 35 61 56 29 73 51 42 86 95 63 67 85 98 0 30 59 67 68 73 57 41 25 84 38 64 62 90 40 67 80 40 85 25 70 86 41 86 94 3 20 49 9 21 36 20 92 84 90 70 93 25 67 84 28 102 66 40 65 61 76 44 81 18 88 45 63 38
53 73 83 50 25 75 102 85 80 80 79 79 76 74 35 18 80 41 35 78 47 23 95 46 89 8 50 44 33 83 34 66 17 10 88 39 52 83 43 67 72 94 87 55 91 95 30 0 67 50 57 57 85 63 32 85 20 91 76 106 66 77 72 22 94 7 77 105 50 80 90 33 31 26 35 49 45 11 78 68 107 57 87 40 79 83 38 90 83 21 53 87 79 70 97 37 85 23 77 27
52 43 34 36 47 27 35 66 59 14 27 48 20 57 38 59 14 41 42 62 43 49 35 46 30 71 26 49 34 17 55 47 57 77 56 49 37 16 33 43 55 40 45 42 26 45 59 67 0 53 40 51 63 32 37 28 52 62 16 42 48 10 39 51 27 60 11 46 18 38 44 58 41 59 51 52 24 67 58 56 43 45 44 34 14 30 32 61 24 53 41 54 18 46 34 41 36 57 16 44
4 86 46 66 52 76 81 107 100 60 45 92 47 25 23 31 59 15 58 100 10 52 62 70 83 57 58 71 41 69 68 19 33 57 102 11 68 66 22 83 23 56 94 13 64 54 67 50 53 0 16 8 105 73 46 53 31 107 69 94 85 61 30 29 73 47 58 99 49 40 48 69 51 24 65 76 48 58 29 19 95 12 45 54 67 49 49 42 77 29 13 100 53 86 86 59 47 27 69 29
14 77 30 60 52 65 65 99 92 44 29 83 31 21 23 40 43 16 56 93 11 52 46 66 70 64 50 68 38 54 67 10 41 66 92 20 62 51 17 75 19 40 83 4 48 39 68 57 40 16 0 12 97 64 44 37 37 98 56 79 78 47 15 35 57 53 43 85 40 25 34 69 49 35 64 73 41 63 24 18 80 5 31 50 53 33 44 34 64 36 4 90 37 78 72 56 32 37 56 32
4 87 40 69 57 77 76 109 102 56 39 94 42 17 28 39 55 19 62 103 13 57 56 74 81 65 60 75 45 66 73 11 40 65 103 18 71 63 25 85 15 49 95 9 60 47 73 57 51 8 12 0 107 74 50 47 38 109 68 91 88 59 23 36 69 54 55 97 50 33 41 74 56 32 70 81 50 65 21 11 92 7 38 58 65 43 52 33 76 37 11 101 48 88 84 63 41 35 68 35
106 21 97 39 61 38 77 4 5 71 91 16 83 117 82 91 72 89 52 8 95 63 94 39 48 82 47 41 65 62 51 106 87 91 12 96 37 65 82 22 115 102 24 98 81 108 57 85 63 105 97 107 0 33 61 90 85 9 51 63 20 64 101 86 75 79 69 52 57 101 107 54 58 96 50 36 57 76 119 115 62 101 107 52 58 93 57 124 48 86 96 14 80 19 57 50 99 92 52 80
73 13 66 13 37 15 56 35 28 43 60 20 52 85 51 63 43 58 28 30 63 40 66 21 31 63 15 25 35 37 35 73 60 71 29 65 12 39 50 11 82 72 24 66 55 77 41 63 32 73 64 74 33 0 33 60 57 35 25 50 16 36 69 57 51 56 40 45 24 70 76 39 32 67 32 25 25 57 86 82 50 68 75 23 32 62 27 91 27 58 64 28 50 14 42 25 68 64 26 50
48 45 61 22 10 44 72 63 56 51 55 52 50 65 23 30 51 31 12 56 38 12 69 24 57 34 19 25 5 52 23 54 27 41 61 36 25 52 26 40 62 70 57 44 62 73 25 32 37 46 44 50 61 33 0 60 24 66 45 75 41 47 55 24 64 24 48 74 19 60 69 26 5 35 20 30 13 29 68 60 75 46 67 10 48 59 7 77 51 25 41 60 52 44 66 13 63 31 45 18
50 70 10 64 70 52 31 93 86 19 8 74 10 44 51 72 18 48 68 89 46 72 9 74 48 91 53 76 56 30 81 38 71 95 81 55 65 26 43 71 42 12 69 40 14 18 84 85 28 53 37 47 90 60 60 0 67 88 39 50 76 26 26 65 25 79 21 59 44 18 18 84 65 69 77 80 49 88 43 46 51 41 20 60 33 5 56 40 45 67 41 79 10 73 45 67 11 69 38 59
34 69 64 46 25 66 87 86 80 64 60 76 57 55 16 6 64 21 34 79 27 24 76 47 78 27 42 46 22 69 40 46 4 29 85 20 49 68 24 64 52 74 81 35 74 75 38 20 52 31 37 38 85 57 24 67 0 90 64 94 65 62 52 2 79 16 62 95 38 60 70 40 27 11 39 52 34 27 59 49 94 37 67 34 66 64 30 70 72 1 33 84 62 68 85 35 66 7 65 9
108 22 96 43 67 35 72 13 13 69 89 15 81 118 85 96 69 92 57 16 97 69 91 45 43 89 50 48 69 59 58 107 92 98 6 99 41 62 85 25 115 99 19 100 78 105 64 91 62 107 98 109 9 35 66 88 90 0 48 56 25 61 101 90 71 85 67 45 59 100 105 61 63 100 57 43 59 83 120 116 55 102 105 56 55 91 60 123 44 91 98 9 78 22 52 55 97 97 49 84
68 32 47 35 53 13 31 55 48 20 41 35 33 74 52 71 21 56 46 51 59 55 43 45 14 79 28 48 44 12 57 63 68 86 42 64 35 15 48 34 71 51 30 59 31 57 62 76 16 69 56 68 51 25 45 39 64 48 0 30 39 13 55 64 26 69 18 31 26 53 57 60 47 72 53 49 32 74 74 72 30 61 57 38 7 42 38 76 8 65 57 40 30 36 21 44 49 70 1 56
93 50 60 62 83 35 21 67 62 35 56 49 50 93 81 100 36 83 75 66 85 85 48 72 19 108 57 75 73 26 85 84 98 116 51 91 62 28 76 55 90 58 39 82 36 65 90 106 42 94 79 91 63 50 75 50 94 56 30 0 60 33 73 93 25 99 36 13 56 67 67 89 76 101 81 75 62 103 92 93 1 84 69 68 28 55 68 90 24 94 82 49 44 55 9 73 60 99 29 85
86 10 82 19 42 27 69 21 15 58 75 14 68 99 62 71 59 70 32 15 75 44 82 20 42 65 28 23 45 51 34 88 68 74 22 76 17 54 63 5 96 88 25 79 70 93 40 66 48 85 78 88 20 16 41 76 65 25 39 60 0 51 84 66 65 60 56 52 38 85 91 37 38 76 32 19 37 58 101 96 59 82 91 32 47 78 37 107 39 66 77 22 66 5 52 30 84 73 40 60
60 44 35 42 56 26 25 67 60 8 29 48 21 63 48 69 8 50 51 63 52 58 31 52 23 80 33 56 44 7 63 53 67 87 55 59 43 6 43 46 60 38 43 50 19 44 67 77 10 61 47 59 64 36 47 26 62 61 13 33 51 0 44 61 18 70 6 38 27 40 44 66 50 68 59 58 33 76 63 62 34 52 45 43 7 30 41 64 19 63 49 53 17 48 25 49 36 67 12 54
26 81 17 67 64 66 56 104 97 39 18 87 23 19 37 55 38 31 66 98 26 65 33 75 67 79 57 77 49 50 78 12 56 81 95 35 69 46 30 80 17 26 85 18 39 24 80 72 39 30 15 23 101 69 55 26 52 101 55 73 84 44 0 50 49 67 39 81 46 10 19 81 60 50 75 82 49 77 19 20 74 18 16 59 50 21 54 23 62 51 20 93 29 83 67 66 18 52 55 46
32 69 62 47 26 66 85 87 81 63 58 76 56 53 14 7 62 19 35 80 25 25 75 48 77 29 42 47 22 68 41 44 6 31 85 18 49 67 22 65 50 72 81 33 72 73 40 22 51 29 35 36 86 57 24 65 2 90 64 93 66 61 50 0 77 18 60 94 38 59 68 42 28 10 40 53 34 29 57 47 93 35 65 34 65 63 30 68 71 1 31 84 60 68 84 36 64 7 64 8
71 57 35 59 74 38 8 79 73 14 31 59 26 68 64 85 15 64 69 76 64 76 23 70 28 98 51 73 61 14 81 60 83 104 64 72 60 13 57 60 66 33 52 60 10 40 85 94 27 73 57 69 75 51 64 25 79 71 26 25 65 18 49 77 0 87 17 36 45 42 42 84 68 83 77 75 51 94 67 69 27 62 44 60 19 29 59 65 27 79 60 62 20 62 22 67 35 83 25 70
51 66 78 43 18 68 95 79 74 74 73 73 69 71 30 17 73 37 28 72 43 16 89 40 82 11 43 38 26 76 29 62 15 17 81 36 45 76 38 61 69 88 80 51 84 89 25 7 60 47 53 54 79 56 24 79 16 85 69 99 60 70 67 18 87 0 71 98 43 75 85 28 24 25 29 43 38 10 75 66 99 53 82 33 72 77 31 86 76 18 49 81 73 63 90 31 80 21 70 21
56 49 29 46 58 32 25 73 66 3 23 54 16 58 47 68 3 48 53 68 49 59 26 56 29 81 36 59 45 11 66 48 66 87 60 56 47 8 41 51 55 33 49 46 15 39 70 77 11 58 43 55 69 40 48 21 62 67 18 36 56 6 39 60 17 71 0 43 29 35 38 69 51 67 62 62 35 77 58 58 37 48 39 45 12 24 43 58 24 62 46 58 11 53 29 52 30 66 18 53
98 42 69 58 81 31 33 56 52 42 64 40 58 100 83 101 43 87 72 57 89 83 59 67 17 107 55 70 73 31 81 91 99 115 40 95 57 35 79 48 98 69 29 88 46 75 86 105 46 99 85 97 52 45 74 59 95 45 31 13 52 38 81 94 36 98 43 0 57 76 77 84 75 103 77 69 61 101 100 100 11 90 79 66 32 64 67 99 23 96 87 38 52 47 14 70 70 101 31 87
49 37 47 21 29 29 52 59 52 32 41 44 34 61 28 45 32 34 24 53 39 31 52 30 40 53 11 33 17 33 37 50 42 60 53 41 23 33 26 35 58 55 46 41 44 59 41 50 18 49 40 50 57 24 19 44 38 59 26 56 38 27 46 38 45 43 29 57 0 49 56 40 22 47 33 37 6 49 63 58 57 44 55 16 29 44 13 69 34 39 39 51 35 38 47 23 49 44 27 30
36 81 8 70 70 65 49 104 97 34 12 86 19 26 45 64 34 40 71 99 35 71 24 79 64 86 60 81 55 46 83 22 64 90 94 45 72 42 37 81 25 16 83 28 32 15 86 80 38 40 25 33 101 70 60 18 60 100 53 67 85 40 10 59 42 75 35 76 49 0 9 86 66 59 80 85 52 85 25 29 69 28 7 63 47 13 58 23 59 60 29 92 24 84 62 70 9 61 52 54
45 86 9 77 79 70 47 110 103 37 16 91 24 32 54 74 36 49 79 105 45 80 20 86 66 96 67 89 64 48 92 30 74 99 98 54 79 44 47 87 31 10 87 37 31 6 94 90 44 48 34 41 107 76 69 18 70 105 57 67 91 44 19 68 42 85 38 77 56 9 0 95 74 69 88 93 60 94 29 36 68 37 4 71 50 14 67 23 62 69 38 96 27 89 63 78 8 70 56 63
72 45 86 26 17 54 90 53 49 72 80 51 74 90 47 44 72 55 16 46 62 17 93 18 70 29 33 14 31 71 4 79 41 38 59 58 27 72 52 39 87 95 60 68 84 98 3 33 58 69 69 74 54 39 26 84 40 61 60 89 37 66 81 42 84 28 69 84 40 86 95 0 20 51 8 18 35 23 93 85 88 71 93 24 66 84 28 102 65 42 66 58 76 41 80 17 88 47 61 39
53 43 66 20 6 44 75 59 53 55 60 50 54 70 28 32 54 36 7 52 43 8 73 20 59 32 19 20 11 55 18 59 29 40 59 40 22 55 32 38 68 75 56 49 66 78 20 31 41 51 49 56 58 32 5 65 27 63 47 76 38 50 60 28 68 24 51 75 22 66 74 20 0 38 15 26 17 27 73 66 77 52 73 9 51 64 9 82 53 28 47 58 57 41 67 9 68 34 47 22
28 80 64 57 36 76 92 97 91 69 61 87 60 49 20 8 69 21 45 90 24 35 78 58 86 34 52 57 32 76 51 42 11 33 96 15 59 74 26 75 47 75 91 32 77 74 49 26 59 24 35 32 96 67 35 69 11 100 72 101 76 68 50 10 83 25 67 103 47 59 69 51 38 0 50 63 43 35 53 43 101 33 66 45 73 66 40 65 80 10 30 95 65 78 92 46 66 4 72 17
68 39 79 19 14 47 83 50 45 65 73 46 67 85 42 43 65 51 9 43 57 15 85 12 62 33 26 9 25 63 4 74 40 42 54 54 20 64 47 33 82 88 54 64 77 91 9 35 51 65 64 70 50 32 20 77 39 57 53 81 32 59 75 40 77 29 62 77 33 80 88 8 15 50 0 14 28 27 88 80 81 66 86 17 58 77 21 97 57 40 61 53 68 36 72 10 81 46 54 36
78 28 84 16 27 40 80 36 31 65 77 34 70 94 53 57 65 62 19 29 68 28 87 7 56 46 26 6 35 61 15 83 53 55 41 66 15 63 56 22 92 92 43 73 77 96 21 49 52 76 73 81 36 25 30 80 52 43 49 75 19 58 82 53 75 43 62 69 37 85 93 18 26 63 14 0 33 40 97 90 75 76 92 23 56 81 29 105 52 53 71 41 70 24 67 18 86 59 50 48
49 38 52 19 23 33 58 59 52 38 45 45 39 62 26 40 38 33 19 52 38 25 57 26 45 47 10 28 12 39 32 51 38 55 54 40 21 39 26 35 59 60 48 42 50 64 36 45 24 48 41 50 57 25 13 49 34 59 32 62 37 33 49 34 51 38 35 61 6 52 60 35 17 43 28 33 0 43 65 59 62 45 59 11 35 49 8 72 38 35 40 53 40 38 52 18 54 40 32 26
61 66 87 44 21 70 101 76 71 80 82 72 77 82 40 27 80 47 29 69 53 18 97 38 85 6 46 36 33 82 25 72 25 15 80 47 45 82 47 60 79 97 80 61 91 98 20 11 67 58 63 65 76 57 29 88 27 83 74 103 58 76 77 29 94 10 77 101 49 85 94 23 27 35 27 40 43 0 85 76 103 64 92 35 77 86 35 97 79 28 59 80 81 62 94 31 89 31 74 31
25 99 33 84 76 85 74 122 115 58 36 105 42 4 47 60 57 39 80 116 32 76 49 90 86 85 74 92 63 69 91 14 61 86 113 39 86 66 42 98 6 39 104 25 57 35 92 78 58 29 24 21 119 86 68 43 59 120 74 92 101 63 19 57 67 75 58 100 63 25 29 93 73 53 88 97 65 85 0 10 93 22 26 74 70 38 69 13 82 57 27 112 48 101 86 80 33 56 74 55
15 95 37 78 68 82 76 117 110 58 38 101 43 6 38 50 57 30 72 111 23 68 53 84 85 76 68 85 55 69 83 9 51 76 110 29 80 65 34 93 5 45 101 17 59 41 84 68 56 19 18 11 115 82 60 46 49 116 72 93 96 62 20 47 69 66 58 100 58 29 36 85 66 43 80 90 59 76 10 0 94 14 32 67 69 41 62 23 80 48 19 108 49 96 87 73 37 46 72 46
94 49 61 62 83 35 22 66 61 36 57 49 51 94 81 101 37 84 75 65 86 85 49 71 19 109 57 75 74 26 85 85 98 116 50 92 62 29 76 55 91 60 38 83 37 66 90 107 43 95 80 92 62 50 75 51 94 55 30 1 59 34 74 93 27 99 37 11 57 69 68 88 77 101 81 75 62 103 93 94 0 85 71 68 29 56 68 91 24 95 83 48 45 55 9 73 62 100 30 86
9 81 34 64 54 70 70 103 96 49 33 88 35 19 25 39 48 16 58 97 10 54 50 70 75 64 54 71 41 59 69 9 40 65 97 18 66 56 20 79 16 44 88 3 53 42 70 57 45 12 5 7 101 68 46 41 37 102 61 84 82 52 18 35 62 53 48 90 44 28 37 71 52 33 66 76 45 64 22 14 85 0 33 53 58 37 48 33 69 36 5 95 41 82 77 59 35 36 61 33
41 86 10 77 77 70 50 110 103 38 16 92 24 28 52 71 37 46 77 105 42 78 23 85 67 93 66 88 62 49 90 26 71 96 99 51 78 45 44 87 27 13 88 34 34 9 93 87 44 45 31 38 107 75 67 20 67 105 57 69 91 45 16 65 44 82 39 79 55 7 4 93 73 66 86 92 59 92 26 32 71 33 0 70 51 15 65 21 63 66 35 97 28 89 65 77 9 67 57 61
56 35 63 12 15 35 67 53 46 48 56 42 50 71 31 40 48 39 8 46 45 17 68 16 50 41 11 18 13 48 21 60 37 49 51 45 15 48 33 30 69 71 48 50 60 75 25 40 34 54 50 58 52 23 10 60 34 56 38 68 32 43 59 34 60 33 45 66 16 63 71 24 9 45 17 23 11 35 74 67 68 53 70 0 43 60 6 82 44 35 48 50 51 34 59 7 65 41 39 28
66 39 41 41 57 21 25 62 55 13 35 42 28 69 53 72 14 55 51 58 57 59 36 51 17 82 33 54 46 5 62 59 70 89 49 64 41 7 48 42 67 44 37 56 23 50 67 79 14 67 53 65 58 32 48 33 66 55 7 28 47 7 50 65 19 72 12 32 29 47 50 66 51 73 58 56 35 77 70 69 29 58 51 43 0 36 42 70 12 66 55 47 23 43 20 49 43 71 6 57
46 72 5 65 69 55 36 96 89 23 4 77 10 39 48 69 22 45 68 91 42 71 13 74 52 89 54 77 55 34 81 33 68 93 84 52 66 30 41 73 37 11 73 36 19 15 84 83 30 49 33 43 93 62 59 5 64 91 42 55 78 30 21 63 29 77 24 64 44 13 14 84 64 66 77 81 49 86 38 41 56 37 15 60 36 0 56 35 48 64 37 82 13 76 50 67 6 66 42 57
50 39 58 17 15 37 66 58 52 46 52 46 46 66 26 36 45 34 12 51 40 17 65 22 51 40 12 23 8 46 25 55 33 48 56 39 20 46 28 35 63 67 51 45 57 70 28 38 32 49 44 52 57 27 7 56 30 60 38 68 37 41 54 30 59 31 43 67 13 58 67 28 9 40 21 29 8 35 69 62 68 48 65 6 42 56 0 76 45 31 43 54 48 38 59 12 60 37 39 23
37 103 30 90 86 88 70 127 120 58 35 109 43 17 57 72 57 49 88 121 43 86 43 98 87 97 80 100 72 69 100 24 73 98 117 51 92 65 51 103 18 33 106 35 54 27 102 90 61 42 34 33 124 91 77 40 70 123 76 90 107 64 23 68 65 86 58 99 69 23 23 102 82 65 97 105 72 97 13 23 91 33 21 82 70 35 76 0 83 69 37 115 47 106 85 88 29 68 75 66
76 30 53 38 59 12 30 52 45 25 47 32 40 81 60 78 26 64 51 49 67 61 47 48 6 85 33 51 51 15 61 71 76 92 38 72 38 18 56 34 78 56 25 67 34 62 66 83 24 77 64 76 48 27 51 45 72 44 8 24 39 19 62 71 27 76 24 23 34 59 62 65 53 80 57 52 38 79 82 80 24 69 63 44 12 48 45 83 0 72 65 35 36 35 15 49 55 78 8 64
33 70 64 48 26 67 87 87 81 65 60 77 57 54 16 6 64 20 35 80 26 25 76 48 79 28 43 47 23 70 41 45 4 30 86 18 50 68 23 66 51 74 82 34 74 74 40 21 53 29 36 37 86 58 25 67 1 91 65 94 66 63 51 1 79 18 62 96 39 60 69 42 28 10 40 53 35 28 57 48 95 36 66 35 66 64 31 69 72 0 32 85 62 69 85 37 65 6 65 9
11 77 35 59 49 66 68 98 92 47 33 83 34 24 20 36 46 12 53 92 6 49 50 65 71 60 49 66 36 56 64 13 36 62 92 16 61 53 15 74 21 45 84 2 52 44 65 53 41 13 4 11 96 64 41 41 33 98 57 82 77 49 20 31 60 49 46 87 39 29 38 66 47 30 61 71 40 59 27 19 83 5 35 48 55 37 43 37 65 32 0 90 40 77 74 54 36 32 57 28
100 15 87 38 62 27 64 18 14 60 81 8 73 110 78 90 61 85 52 19 90 64 83 41 35 86 43 44 63 50 55 99 87 95 2 92 36 54 77 20 107 91 10 92 69 97 61 87 54 100 90 101 14 28 60 79 84 9 40 49 22 53 93 84 62 81 58 38 51 92 96 58 58 95 53 41 53 80 112 108 48 95 97 50 47 82 54 115 35 85 90 0 70 17 44 50 89 91 41 78
50 60 18 54 62 43 28 84 77 10 12 65 6 48 46 67 9 45 59 79 44 64 17 64 39 84 44 67 48 21 72 40 66 89 72 53 56 18 39 61 46 22 60 40 12 27 76 79 18 53 37 48 80 50 52 10 62 78 30 44 66 17 29 60 20 73 11 52 35 24 27 76 57 65 68 70 40 81 48 49 45 41 28 51 23 13 48 47 36 62 40 70 0 64 38 58 19 65 29 54
87 5 80 21 45 23 65 21 14 55 73 10 66 99 63 73 56 71 35 16 76 47 79 24 37 68 28 27 47 48 38 87 70 77 18 77 19 50 64 3 96 85 20 79 66 91 44 70 46 86 78 88 19 14 44 73 68 22 36 55 5 48 83 68 62 63 53 47 38 84 89 41 41 78 36 24 38 62 101 96 55 82 89 34 43 76 38 106 35 69 77 17 64 0 48 33 82 75 37 62
85 43 55 53 74 26 21 61 56 28 50 43 44 86 72 91 29 75 66 60 77 76 45 63 10 99 48 66 64 18 76 77 89 107 46 83 53 21 67 48 84 55 33 75 32 62 81 97 34 86 72 84 57 42 66 45 85 52 21 9 52 25 67 84 22 90 29 14 47 62 63 80 67 92 72 67 52 94 86 87 9 77 65 59 20 50 59 85 15 85 74 44 38 48 0 64 56 90 20 76
61 36 70 13 12 39 73 51 45 55 63 42 57 77 35 41 55 44 2 44 50 14 75 12 54 37 16 12 18 54 14 66 38 46 51 49 14 54 39 30 74 78 49 56 67 82 18 37 41 59 56 63 50 25 13 67 35 55 44 73 30 49 66 36 67 31 52 70 23 70 78 17 9 46 10 18 18 31 80 73 73 59 77 7 49 67 12 88 49 37 54 50 58 33 64 0 72 43 45 31
44 78 2 70 73 62 41 102 95 29 9 83 16 35 50 70 28 46 72 97 42 74 16 79 58 91 59 82 58 40 85 30 70 95 91 52 72 37 42 79 33 9 79 35 25 10 88 85 36 47 32 41 99 68 63 11 66 97 49 60 84 36 18 64 35 80 30 70 49 9 8 88 68 66 81 86 54 89 33 37 62 35 9 65 43 6 60 29 55 65 36 89 19 82 56 72 0 67 48 59
31 76 65 54 32 73 91 93 87 69 62 83 60 52 19 4 68 21 41 86 26 31 79 54 84 30 49 53 29 74 47 44 6 30 92 17 56 73 26 72 50 76 88 34 77 76 45 23 57 27 37 35 92 64 31 69 7 97 70 99 73 67 52 7 83 21 66 101 44 61 70 47 34 4 46 59 40 31 56 46 100 36 67 41 71 66 37 68 78 6 32 91 65 75 90 43 67 0 71 14
68 33 47 35 54 14 30 55 49 19 40 36 33 73 53 71 20 56 47 52 59 56 42 46 14 79 29 49 44 11 58 63 69 87 43 64 36 14 48 35 71 50 31 59 30 56 63 77 16 69 56 68 52 26 45 38 65 49 1 29 40 12 55 64 25 70 18 31 27 52 56 61 47 72 54 50 32 74 74 72 30 61 57 39 6 42 39 75 8 65 57 41 29 37 20 45 48 71 0 56
32 63 57 41 23 59 78 81 75 56 52 70 49 52 9 15 55 16 30 74 23 22 68 43 70 33 35 42 15 61 38 42 13 36 79 18 43 59 16 58 49 67 74 31 65 68 38 27 44 29 32 35 80 50 18 59 9 84 56 85 60 54 46 8 70 21 53 87 30 54 63 39 22 17 36 48 26 31 55 46 86 33 61 28 57 57 23 66 64 9 28 78 54 62 76 31 59 14 56 0
