0 72 49 48 51 77 84 41 51 46 13 56 9 79 34 42 44 82 56 93 25 58 62 91 79 37 69 85 62 95 42 87 2 69 1 14 104 55 62 93 63 81 56 56 37 72 81 25 35 33 9 81 77 85 86 53 100 83 62 75 73 40 58 82 42 91 45 82 18 48 90 79 26 41 50 61 71 60 74 45 28 26 85 69 52 51 103 69 54 30 52 53 26 39 90 53 35 116 88 76
72 0 45 80 30 21 17 31 75 53 62 25 63 83 38 31 58 24 30 69 49 36 19 37 32 49 98 82 20 50 62 40 73 68 70 57 49 18 49 62 59 98 18 82 35 3 39 64 63 68 81 20 93 14 41 18 44 15 10 83 6 81 41 11 60 59 29 43 54 27 52 29 71 33 28 20 14 25 38 36 66 68 32 93 26 67 58 10 25 50 21 29 64 47 59 29 81 65 43 16
49 45 0 36 15 62 62 27 30 8 48 21 45 42 37 24 14 67 55 45 27 12 51 46 71 13 52 44 52 46 18 40 52 28 48 40 57 40 13 44 18 55 28 37 37 44 33 28 22 28 58 42 50 54 38 33 55 60 40 41 50 39 9 55 16 42 40 34 34 21 41 69 34 41 47 50 55 21 26 12 28 31 41 48 47 21 54 50 48 50 28 17 28 10 41 17 41 67 40 59
48 80 36 0 50 96 97 55 8 28 56 56 50 34 60 53 22 101 83 60 42 48 83 78 103 32 21 42 83 74 18 71 50 32 48 49 87 72 39 64 33 33 63 8 62 79 64 25 20 17 53 78 29 90 69 65 86 95 74 30 85 10 43 91 21 64 68 63 45 54 67 102 22 66 75 82 88 57 57 44 22 23 74 20 76 16 80 84 77 67 61 52 25 34 62 52 16 94 70 93
51 30 15 50 0 48 47 16 45 22 46 6 45 56 29 13 28 52 41 52 26 10 37 40 57 20 67 57 37 45 32 36 53 41 50 39 52 26 22 48 31 69 13 51 27 29 30 36 33 39 61 31 64 40 35 18 49 46 25 55 35 52 15 41 29 45 28 33 33 7 42 54 43 30 34 36 40 9 24 7 37 40 34 63 34 36 54 35 35 43 13 2 36 17 45 2 52 66 38 44
77 21 62 96 48 0 12 42 92 69 65 42 68 102 43 43 74 5 23 90 59 55 15 56 12 64 115 102 15 70 78 60 78 87 76 63 67 25 68 82 78 117 34 98 40 23 59 76 77 82 85 39 112 26 61 31 62 12 23 102 15 95 60 19 75 79 32 64 62 42 73 9 83 36 27 16 8 44 59 52 78 80 52 110 25 84 77 13 23 50 35 46 77 61 80 46 94 83 64 5
84 17 62 97 47 12 0 45 92 69 73 41 75 99 49 46 75 11 33 83 63 52 23 47 23 65 114 98 23 62 78 53 85 84 82 69 57 29 65 75 75 115 34 98 46 18 52 79 79 84 92 31 110 16 53 33 52 1 24 99 12 97 58 9 76 72 39 57 67 43 65 20 86 43 35 24 13 42 54 53 81 84 44 110 33 83 68 15 31 59 36 45 80 63 73 45 97 73 56 9
41 31 27 55 16 42 45 0 52 31 33 17 33 69 13 3 35 47 29 68 18 26 28 53 48 23 75 71 28 60 37 51 43 54 40 27 66 17 37 64 45 80 15 59 11 32 46 34 36 40 50 41 75 44 50 13 62 44 22 67 34 54 30 42 35 62 14 48 23 10 58 47 41 14 21 27 34 22 40 15 36 39 47 72 21 45 69 31 23 27 11 17 35 21 61 17 52 80 53 39
51 75 30 8 45 92 92 52 0 22 57 51 52 29 58 50 17 96 80 53 41 41 79 71 99 29 23 36 80 66 14 64 53 24 50 50 80 68 32 57 25 31 58 7 59 74 57 26 18 18 57 71 26 84 62 61 79 90 69 25 80 16 36 85 16 56 65 56 45 49 59 98 25 64 72 78 84 51 50 40 23 25 67 20 73 9 73 79 74 67 56 47 25 30 55 47 22 86 63 88
46 53 8 28 22 69 69 31 22 0 47 28 43 38 40 29 6 74 60 47 26 20 57 53 78 11 45 42 58 52 10 47 48 25 45 39 64 46 16 48 17 49 36 29 40 52 40 23 15 21 54 50 44 62 45 39 62 68 47 36 58 31 16 63 8 46 45 40 32 27 46 76 27 45 52 57 62 29 32 18 21 25 48 41 52 14 60 57 53 51 34 24 22 10 45 24 33 73 47 66
13 62 48 56 46 65 73 33 57 47 0 49 6 83 23 35 46 70 43 93 22 54 50 86 66 36 77 88 50 91 46 82 13 71 13 8 98 44 61 92 64 88 47 63 27 63 76 31 39 39 20 74 84 76 81 44 95 72 52 80 63 49 56 72 45 89 34 78 15 42 87 66 34 30 38 49 60 54 70 40 34 33 79 76 40 55 100 58 42 17 44 48 32 38 89 48 44 112 84 65
56 25 21 56 6 42 41 17 51 28 49 0 48 60 30 15 34 47 39 53 31 13 33 36 52 26 73 60 34 43 38 34 58 45 54 43 49 22 26 48 36 74 9 57 28 23 28 42 39 45 65 26 69 34 33 15 45 40 20 60 30 58 18 35 35 45 27 31 37 8 41 50 49 30 32 32 35 4 23 13 43 46 30 69 31 42 52 30 32 44 10 4 42 23 45 4 58 63 36 38
9 63 45 50 45 68 75 33 52 43 6 48 0 78 25 34 41 73 47 90 19 52 53 84 70 32 72 83 53 89 41 81 10 67 8 6 97 46 57 89 60 83 47 57 28 64 74 25 34 34 18 73 78 77 79 45 94 74 53 75 65 43 53 73 40 86 36 76 11 41 85 70 28 32 41 52 62 52 68 38 28 27 78 71 43 50 98 60 45 21 44 46 26 34 85 46 39 110 82 67
79 83 42 34 56 102 99 69 29 38 83 60 78 0 78 66 37 106 97 32 64 48 92 65 112 49 29 9 93 55 37 56 81 15 78 75 69 81 34 40 24 18 69 27 78 81 52 53 44 46 85 72 15 87 54 74 70 98 80 4 88 44 42 91 38 41 82 48 69 62 47 110 54 83 89 92 94 58 47 54 50 53 63 23 89 28 58 89 90 90 69 57 52 49 39 57 50 70 54 98
34 38 37 60 29 43 49 13 58 40 23 30 25 78 0 16 42 48 24 81 18 39 28 65 46 30 81 82 28 73 44 64 35 65 33 20 78 21 49 77 56 88 25 65 3 40 58 36 40 44 43 52 83 52 63 21 74 49 29 77 40 57 42 49 43 74 11 61 19 22 71 46 43 7 17 27 37 34 53 26 39 40 59 78 18 53 82 35 20 14 22 29 37 30 74 29 54 93 66 42
42 31 24 53 13 43 46 3 50 29 35 15 34 66 16 0 33 48 31 65 18 23 29 51 50 21 73 68 30 58 35 49 44 51 41 28 64 18 34 61 42 77 14 57 14 31 43 34 34 39 51 39 72 44 48 13 60 45 22 64 34 52 27 42 33 59 17 46 24 7 55 48 41 17 23 29 35 19 37 12 35 38 45 69 24 43 67 31 25 30 10 14 34 19 58 14 51 78 51 40
44 58 14 22 28 74 75 35 17 6 46 34 41 37 42 33 0 79 63 50 26 26 62 59 82 13 40 42 62 57 4 52 46 25 42 38 69 50 21 52 20 46 41 24 43 57 46 19 10 15 51 56 41 68 50 44 67 73 52 35 63 25 22 69 2 50 48 45 32 32 51 80 23 48 55 61 67 35 38 22 17 21 54 37 56 10 65 62 57 53 39 30 18 13 49 30 27 78 52 71
82 24 67 101 52 5 11 47 96 74 70 47 73 106 48 48 79 0 28 93 64 59 20 58 12 68 119 106 20 72 82 63 83 91 81 68 68 30 72 85 82 121 39 103 45 26 62 81 82 87 90 41 116 27 63 35 63 12 27 106 18 100 64 20 80 82 37 66 67 47 75 9 88 41 32 21 13 48 62 57 83 85 54 115 30 88 79 17 28 55 40 50 82 66 82 50 99 84 66 8
56 30 55 83 41 23 33 29 80 60 43 39 47 97 24 31 63 28 0 92 42 51 11 66 23 51 103 98 11 78 66 68 56 82 55 42 79 17 64 86 72 108 30 87 22 33 64 60 63 67 63 50 103 43 67 24 74 33 24 95 28 80 56 37 64 83 15 68 43 35 78 23 66 17 8 11 21 42 61 43 62 64 60 100 8 73 86 21 7 27 29 41 60 50 83 41 78 95 70 25
93 69 45 60 52 90 83 68 53 47 93 53 90 32 81 65 50 93 92 0 72 42 84 40 101 57 61 25 85 26 53 32 96 29 92 85 39 75 33 9 31 50 62 54 79 66 31 69 60 65 102 52 47 69 31 67 42 82 70 36 75 69 38 74 52 12 80 26 79 59 19 98 73 82 85 84 83 49 31 55 67 71 41 55 84 47 27 78 85 94 63 52 69 55 11 52 74 38 29 85
25 49 27 42 26 59 63 18 41 26 22 31 19 64 18 18 26 64 42 72 0 33 44 66 64 15 63 68 45 70 28 62 27 51 24 13 79 35 39 70 43 71 32 48 20 49 56 18 22 25 34 56 66 62 61 31 75 62 40 61 52 38 34 60 26 68 28 58 7 24 66 63 25 25 34 43 52 35 49 20 21 22 60 61 36 36 79 48 38 26 28 28 19 16 67 28 36 91 64 57
58 36 12 48 10 55 52 26 41 20 54 13 52 48 39 23 26 59 51 42 33 0 45 34 65 23 63 48 46 37 30 29 60 33 57 47 46 35 14 38 23 62 21 47 37 34 23 39 34 40 67 30 58 43 28 27 43 51 32 47 41 51 6 45 28 36 38 24 41 17 33 62 46 40 44 45 47 11 16 14 39 43 29 58 43 32 46 42 44 53 22 10 39 20 35 10 53 58 30 50
62 19 51 83 37 15 23 28 79 57 50 33 53 92 28 29 62 20 11 84 44 45 0 56 21 50 102 93 1 68 65 58 63 77 61 48 68 11 59 78 68 106 24 86 25 22 55 62 63 68 70 39 101 31 58 19 63 22 14 92 16 81 51 25 63 75 17 59 47 30 69 19 69 21 12 1 10 35 53 40 64 66 50 98 10 71 76 10 8 36 24 36 62 48 75 36 80 84 61 15
91 37 46 78 40 56 47 53 71 53 86 36 84 65 65 51 59 58 66 40 66 34 56 0 68 57 89 60 57 15 63 9 93 53 90 79 13 50 39 30 47 83 40 76 63 34 14 74 68 74 101 17 79 31 10 45 9 46 43 67 42 84 37 38 61 28 59 16 73 44 21 65 80 63 62 56 51 32 21 47 74 77 6 83 60 62 21 47 60 79 43 38 73 54 29 38 86 28 11 51
79 32 71 103 57 12 23 48 99 78 66 52 70 112 46 50 82 12 23 101 64 65 21 68 0 71 123 112 20 82 85 72 80 97 78 66 79 32 78 94 88 126 43 107 44 35 71 82 84 88 86 51 121 38 73 39 74 23 32 112 27 102 70 31 83 91 36 75 65 51 85 3 89 39 30 21 18 54 70 60 84 86 64 119 28 92 89 23 26 50 44 55 82 69 91 55 100 95 76 17
37 49 13 32 20 64 65 23 29 11 36 26 32 49 30 21 13 68 51 57 15 23 50 57 71 0 52 53 51 59 15 52 39 36 35 28 69 39 25 57 28 58 31 36 31 49 45 17 14 19 45 51 53 60 50 33 66 64 42 47 53 32 22 60 13 55 36 46 22 22 54 69 23 35 43 49 56 28 38 13 17 20 51 49 44 23 67 51 45 41 29 22 16 3 54 22 32 80 53 60
69 98 52 21 67 115 114 75 23 45 77 73 72 29 81 73 40 119 103 61 63 63 102 89 123 52 0 38 103 81 37 80 71 36 68 71 95 91 51 68 42 17 81 16 82 96 75 47 41 38 72 91 16 105 78 84 95 113 92 25 103 29 57 107 40 68 88 72 66 72 73 121 43 87 95 101 107 73 68 63 44 44 86 6 96 31 86 102 98 89 79 69 46 54 66 69 34 98 79 111
85 82 44 42 57 102 98 71 36 42 88 60 83 9 82 68 42 106 98 25 68 48 93 60 112 53 38 0 94 49 43 52 87 17 84 80 63 82 34 33 26 25 69 35 81 80 48 59 50 52 92 69 23 85 50 75 65 96 80 13 88 52 42 89 43 35 84 44 74 64 41 110 60 85 91 93 94 58 45 56 57 59 59 32 91 34 51 89 91 94 70 58 58 52 33 58 58 63 50 97
62 20 52 83 37 15 23 28 80 58 50 34 53 93 28 30 62 20 11 85 45 46 1 57 20 51 103 94 0 69 65 59 63 78 61 48 69 12 60 79 69 106 25 87 25 23 56 62 64 68 70 40 101 32 59 19 64 23 15 92 17 82 51 26 63 76 17 60 47 31 70 18 69 21 12 1 10 36 54 40 64 66 51 99 10 72 77 11 8 35 24 36 63 49 76 36 80 85 62 15
95 50 46 74 45 70 62 60 66 52 91 43 89 55 73 58 57 72 78 26 70 37 68 15 82 59 81 49 69 0 61 10 97 45 93 83 14 61 36 17 41 73 49 70 71 47 15 74 67 73 104 31 69 46 10 55 16 60 54 57 55 81 37 52 60 14 69 13 77 51 8 79 80 72 73 68 64 38 21 51 73 77 18 75 71 58 9 60 71 87 52 44 74 56 16 44 84 21 7 65
42 62 18 18 32 78 78 37 14 10 46 38 41 37 44 35 4 82 66 53 28 30 65 63 85 15 37 43 65 61 0 56 45 27 41 38 73 54 25 54 22 44 44 21 45 61 49 17 8 12 50 60 39 72 54 47 71 77 55 34 67 21 26 72 2 53 51 49 32 35 54 84 20 50 58 64 70 39 42 26 15 18 58 34 59 9 68 65 60 54 43 34 16 16 52 34 23 82 56 74
87 40 40 71 36 60 53 51 64 47 82 34 81 56 64 49 52 63 68 32 62 29 58 9 72 52 80 52 59 10 56 0 89 45 86 75 17 51 32 23 39 74 39 68 61 37 7 68 61 67 96 21 70 37 2 45 15 51 44 58 46 77 30 43 54 20 59 8 69 41 13 69 74 62 63 58 54 29 14 42 68 71 9 75 61 55 19 50 61 78 42 35 68 49 21 35 79 29 3 55
2 73 52 50 53 78 85 43 53 48 13 58 10 81 35 44 46 83 56 96 27 60 63 93 80 39 71 87 63 97 45 89 0 71 4 16 106 56 64 95 65 83 57 58 38 74 83 28 37 35 8 83 79 87 88 55 102 84 63 78 75 42 60 84 44 93 46 84 20 50 92 79 28 42 51 62 72 62 76 47 30 28 87 71 53 53 106 70 55 30 54 55 29 41 92 55 36 118 91 77
69 68 28 32 41 87 84 54 24 25 71 45 67 15 65 51 25 91 82 29 51 33 77 53 97 36 36 17 78 45 27 45 71 0 68 63 59 66 19 33 9 31 54 26 64 66 39 44 34 38 76 58 26 73 43 59 59 83 65 15 74 40 27 76 27 33 68 36 57 47 37 95 46 68 74 77 80 43 34 40 41 44 50 30 74 19 50 75 75 76 54 42 43 35 31 42 45 63 43 83
1 70 48 48 50 76 82 40 50 45 13 54 8 78 33 41 42 81 55 92 24 57 61 90 78 35 68 84 61 93 41 86 4 68 0 13 102 54 60 92 62 80 54 55 36 71 79 24 34 32 11 80 76 84 84 52 99 82 61 74 72 40 57 81 41 90 44 81 17 47 89 78 25 40 49 60 70 58 72 43 27 25 84 68 51 50 102 67 53 29 51 52 25 38 89 52 34 115 87 75
14 57 40 49 39 63 69 27 50 39 8 43 6 75 20 28 38 68 42 85 13 47 48 79 66 28 71 80 48 83 38 75 16 63 13 0 91 40 53 84 56 81 42 56 23 58 69 24 32 32 23 67 76 71 74 39 88 68 48 72 59 43 48 68 37 81 31 71 6 35 80 65 28 27 36 47 57 47 62 33 27 26 72 69 38 47 92 54 40 19 38 40 25 30 80 40 39 104 77 62
104 49 57 87 52 67 57 66 80 64 98 49 97 69 78 64 69 68 79 39 79 46 68 13 79 69 95 63 69 14 73 17 106 59 102 91 0 63 48 30 55 87 53 84 76 46 24 85 78 84 113 29 84 41 19 58 5 56 55 71 53 93 47 48 71 28 72 24 86 57 22 76 91 76 75 68 63 45 31 59 85 88 19 89 73 71 14 59 72 92 56 51 85 66 30 51 96 16 17 62
55 18 40 72 26 25 29 17 68 46 44 22 46 81 21 18 50 30 17 75 35 35 11 50 32 39 91 82 12 61 54 51 56 66 54 40 63 0 48 69 57 94 13 75 18 20 47 52 52 57 64 34 89 32 51 8 59 28 8 80 19 71 40 28 51 66 11 51 38 19 61 30 59 15 12 11 17 25 44 28 53 56 44 87 10 60 70 14 10 32 13 25 52 37 66 25 69 79 54 22
62 49 13 39 22 68 65 37 32 16 61 26 57 34 49 34 21 72 64 33 39 14 59 39 78 25 51 34 60 36 25 32 64 19 60 53 48 48 0 32 10 49 35 37 48 47 25 39 31 36 70 40 45 55 30 40 47 64 46 34 54 45 8 57 23 30 50 24 46 29 30 76 44 52 57 58 60 24 18 23 38 41 35 46 56 23 44 55 57 62 35 23 38 23 29 23 48 57 32 64
93 62 44 64 48 82 75 64 57 48 92 48 89 40 77 61 52 85 86 9 70 38 78 30 94 57 68 33 79 17 54 23 95 33 92 84 30 69 32 0 33 58 56 59 75 59 23 70 62 67 102 44 55 60 22 62 32 74 64 43 67 72 36 66 54 3 75 19 77 55 10 91 74 78 80 78 76 44 25 52 69 72 32 62 79 50 18 71 79 91 58 48 69 54 3 48 77 30 20 77
63 59 18 33 31 78 75 45 25 17 64 36 60 24 56 42 20 82 72 31 43 23 68 47 88 28 42 26 69 41 22 39 65 9 62 56 55 57 10 33 0 39 44 29 55 57 33 39 29 34 71 50 35 64 37 49 54 74 55 24 64 40 18 67 22 32 59 31 50 38 34 85 42 59 65 67 70 34 26 30 37 40 44 36 65 17 48 65 66 68 44 32 38 27 30 32 44 61 38 74
81 98 55 33 69 117 115 80 31 49 88 74 83 18 88 77 46 121 108 50 71 62 106 83 126 58 17 25 106 73 44 74 83 31 80 81 87 94 49 58 39 0 83 25 89 96 70 57 49 49 86 89 5 104 72 87 88 113 94 16 104 42 57 107 46 59 94 66 76 75 65 124 55 93 101 105 109 73 64 66 54 56 81 13 101 35 76 104 102 97 82 71 56 59 57 71 48 88 73 113
56 18 28 63 13 34 34 15 58 36 47 9 47 69 25 14 41 39 30 62 32 21 24 40 43 31 81 69 25 49 44 39 57 54 54 42 53 13 35 56 44 83 0 65 23 18 35 46 45 50 65 26 78 30 39 6 49 33 11 68 22 63 27 29 42 53 20 38 37 9 48 41 53 23 24 23 26 12 31 18 47 50 34 76 23 50 58 21 23 39 4 12 46 28 53 12 63 68 42 30
56 82 37 8 51 98 98 59 7 29 63 57 57 27 65 57 24 103 87 54 48 47 86 76 107 36 16 35 87 70 21 68 58 26 55 56 84 75 37 59 29 25 65 0 66 81 62 32 25 24 61 77 21 90 66 68 83 97 76 22 87 18 42 92 23 59 72 60 51 56 63 105 30 71 79 85 91 57 55 47 29 30 72 13 80 15 76 86 81 73 63 53 31 38 57 53 24 89 67 95
37 35 37 62 27 40 46 11 59 40 27 28 28 78 3 14 43 45 22 79 20 37 25 63 44 31 82 81 25 71 45 61 38 64 36 23 76 18 48 75 55 89 23 66 0 37 56 38 42 45 46 49 84 49 60 18 72 46 25 77 36 59 41 46 43 73 8 59 22 21 69 43 45 5 14 24 34 32 51 25 41 42 56 79 16 53 80 31 18 17 19 28 39 30 72 28 56 90 64 39
72 3 44 79 29 23 18 32 74 52 63 23 64 81 40 31 57 26 33 66 49 34 22 34 35 49 96 80 23 47 61 37 74 66 71 58 46 20 47 59 57 96 18 81 37 0 36 64 62 68 82 17 91 13 38 19 41 17 11 81 9 81 39 11 59 56 31 40 55 27 49 32 71 35 31 22 17 23 36 36 65 68 29 91 29 65 55 13 27 52 21 28 64 46 56 28 81 62 40 18
81 39 33 64 30 59 52 46 57 40 76 28 74 52 58 43 46 62 64 31 56 23 55 14 71 45 75 48 56 15 49 7 83 39 79 69 24 47 25 23 33 70 35 62 56 36 0 61 55 61 90 21 65 38 5 41 22 51 41 53 44 70 24 43 48 20 55 4 63 36 14 68 67 58 59 55 53 24 8 36 61 64 11 69 57 48 24 48 57 72 37 29 61 42 21 29 73 35 8 54
25 64 28 25 36 76 79 34 26 23 31 42 25 53 36 34 19 81 60 69 18 39 62 74 82 17 47 59 62 74 17 68 28 44 24 24 85 52 39 70 39 57 46 32 38 64 61 0 9 9 33 67 53 76 66 47 83 78 56 50 68 21 38 75 17 69 46 62 19 37 69 81 7 43 52 61 69 45 54 29 3 4 68 46 54 25 82 65 55 42 43 38 1 20 67 38 18 96 69 74
35 63 22 20 33 77 79 36 18 15 39 39 34 44 40 34 10 82 63 60 22 34 63 68 84 14 41 50 64 67 8 61 37 34 34 32 78 52 31 62 29 49 45 25 42 62 55 9 0 6 42 63 45 73 60 47 76 77 55 41 67 19 31 74 8 60 48 55 26 35 61 82 13 47 55 62 69 41 47 26 7 11 62 38 56 16 75 65 58 48 42 35 9 16 59 35 19 88 62 74
33 68 28 17 39 82 84 40 18 21 39 45 34 46 44 39 15 87 67 65 25 40 68 74 88 19 38 52 68 73 12 67 35 38 32 32 84 57 36 67 34 49 50 24 45 68 61 9 6 0 39 69 44 79 65 52 82 83 61 42 73 13 37 79 13 65 52 60 28 41 66 87 8 50 59 67 74 47 53 32 5 7 68 37 60 19 80 70 62 50 48 41 8 22 64 41 13 93 68 79
9 81 58 53 61 85 92 50 57 54 20 65 18 85 43 51 51 90 63 102 34 67 70 101 86 45 72 92 70 104 50 96 8 76 11 23 113 64 70 102 71 86 65 61 46 82 90 33 42 39 0 90 82 94 95 63 110 91 71 82 82 44 67 91 50 100 54 91 28 58 99 86 32 49 58 69 80 69 83 54 35 32 94 73 60 58 112 77 62 36 61 62 34 48 99 62 38 125 98 85
81 20 42 78 31 39 31 41 71 50 74 26 73 72 52 39 56 41 50 52 56 30 39 17 51 51 91 69 40 31 60 21 83 58 80 67 29 34 40 44 50 89 26 77 49 17 21 67 63 69 90 0 84 16 22 30 24 30 26 73 25 81 35 22 58 41 44 26 63 33 34 49 74 48 46 39 34 23 24 38 68 71 12 86 44 62 38 30 43 65 30 29 67 48 42 29 82 45 24 34
77 93 50 29 64 112 110 75 26 44 84 69 78 15 83 72 41 116 103 47 66 58 101 79 121 53 16 23 101 69 39 70 79 26 76 76 84 89 45 55 35 5 78 21 84 91 65 53 45 44 82 84 0 99 68 82 84 108 89 12 99 38 52 102 41 56 89 62 71 70 61 119 51 88 96 100 104 68 60 61 50 51 77 11 96 30 73 99 97 93 77 66 52 54 54 66 45 85 69 108
85 14 54 90 40 26 16 44 84 62 76 34 77 87 52 44 68 27 43 69 62 43 31 31 38 60 105 85 32 46 72 37 87 73 84 71 41 32 55 60 64 104 30 90 49 13 38 76 73 79 94 16 99 0 38 32 36 15 24 88 15 92 48 7 69 57 43 42 67 39 50 35 83 47 42 32 23 33 40 47 77 80 28 100 40 75 52 21 38 64 34 38 76 57 58 38 92 57 40 22
86 41 38 69 35 61 53 50 62 45 81 33 79 54 63 48 50 63 67 31 61 28 58 10 73 50 78 50 59 10 54 2 88 43 84 74 19 51 30 22 37 72 39 66 60 38 5 66 60 65 95 22 68 38 0 44 17 52 44 56 46 75 29 44 53 19 59 6 68 40 12 70 72 62 62 58 55 28 13 41 66 69 10 73 61 53 19 50 61 77 41 34 66 47 20 34 77 31 3 56
53 18 33 65 18 31 33 13 61 39 44 15 45 74 21 13 44 35 24 67 31 27 19 45 39 33 84 75 19 55 47 45 55 59 52 39 58 8 40 62 49 87 6 68 18 19 41 47 47 52 63 30 82 32 44 0 54 31 9 73 21 65 32 29 45 59 14 44 36 12 54 37 54 18 18 18 23 18 37 21 49 51 39 80 17 53 64 18 17 35 5 17 47 31 59 17 64 73 48 27
100 44 55 86 49 62 52 62 79 62 95 45 94 70 74 60 67 63 74 42 75 43 63 9 74 66 95 65 64 16 71 15 102 59 99 88 5 59 47 32 54 88 49 83 72 41 22 83 76 82 110 24 84 36 17 54 0 51 51 72 49 92 45 43 70 30 68 23 82 53 23 71 89 72 70 64 58 41 29 56 82 86 16 89 69 70 18 54 68 88 52 48 82 63 32 48 95 21 16 57
83 15 60 95 46 12 1 44 90 68 72 40 74 98 49 45 73 12 33 82 62 51 22 46 23 64 113 96 23 60 77 51 84 83 82 68 56 28 64 74 74 113 33 97 46 17 51 78 77 83 91 30 108 15 52 31 51 0 22 98 10 96 56 8 75 71 38 55 66 42 64 20 85 42 35 23 13 40 52 51 80 82 42 108 32 82 67 14 30 58 35 44 78 61 72 44 96 72 54 8
62 10 40 74 25 23 24 22 69 47 52 20 53 80 29 22 52 27 24 70 40 32 14 43 32 42 92 80 15 54 55 44 63 65 61 48 55 8 46 64 55 94 11 76 25 11 41 56 55 61 71 26 89 24 44 9 51 22 0 79 12 74 38 20 53 61 19 45 44 20 55 30 63 24 20 14 15 22 39 30 57 60 37 88 18 61 63 10 17 41 13 23 56 39 61 23 73 71 47 19
75 83 41 30 55 102 99 67 25 36 80 60 75 4 77 64 35 106 95 36 61 47 92 67 112 47 25 13 92 57 34 58 78 15 74 72 71 80 34 43 24 16 68 22 77 81 53 50 41 42 82 73 12 88 56 73 72 98 79 0 88 40 42 91 35 44 81 50 66 61 49 109 50 81 88 91 94 58 48 53 47 49 65 19 88 25 61 89 89 87 68 56 49 47 42 56 46 73 57 98
73 6 50 85 35 15 12 34 80 58 63 30 65 88 40 34 63 18 28 75 52 41 16 42 27 53 103 88 17 55 67 46 75 74 72 59 53 19 54 67 64 104 22 87 36 9 44 68 67 73 82 25 99 15 46 21 49 10 12 88 0 86 47 9 64 64 29 49 56 32 58 24 75 34 27 17 9 30 44 41 69 72 37 98 25 72 63 6 23 50 25 34 68 51 65 34 85 70 49 10
40 81 39 10 52 95 97 54 16 31 49 58 43 44 57 52 25 100 80 69 38 51 81 84 102 32 29 52 82 81 21 77 42 40 40 43 93 71 45 72 40 42 63 18 59 81 70 21 19 13 44 81 38 92 75 65 92 96 74 40 86 0 47 92 23 72 66 69 40 54 74 100 15 64 73 81 88 59 63 45 18 17 79 29 74 23 88 84 75 62 61 54 20 35 70 54 6 101 77 92
58 41 9 43 15 60 58 30 36 16 56 18 53 42 42 27 22 64 56 38 34 6 51 37 70 22 57 42 51 37 26 30 60 27 57 48 47 40 8 36 18 57 27 42 41 39 24 38 31 37 67 35 52 48 29 32 45 56 38 42 47 47 0 50 25 34 43 24 42 22 32 68 43 44 49 50 52 16 16 16 37 41 32 52 48 27 45 48 49 56 27 15 37 19 33 15 49 58 31 56
82 11 55 91 41 19 9 42 85 63 72 35 73 91 49 42 69 20 37 74 60 45 25 38 31 60 107 89 26 52 72 43 84 76 81 68 48 28 57 66 67 107 29 92 46 11 43 75 74 79 91 22 102 7 44 29 43 8 20 91 9 92 50 0 70 63 38 48 65 38 56 28 82 43 37 26 17 34 45 47 77 79 34 102 34 77 59 16 33 60 32 39 75 57 64 39 92 64 46 15
42 60 16 21 29 75 76 35 16 8 45 35 40 38 43 33 2 80 64 52 26 28 63 61 83 13 40 43 63 60 2 54 44 27 41 37 71 51 23 54 22 46 42 23 43 59 48 17 8 13 50 58 41 69 53 45 70 75 53 35 64 23 25 70 0 52 49 47 31 33 53 81 21 48 56 62 68 36 40 24 15 18 56 36 57 10 67 63 58 52 40 31 16 14 51 31 25 80 55 72
91 59 42 64 45 79 72 62 56 46 89 45 86 41 74 59 50 82 83 12 68 36 75 28 91 55 68 35 76 14 53 20 93 33 90 81 28 66 30 3 32 59 53 59 73 56 20 69 60 65 100 41 56 57 19 59 30 71 61 44 64 72 34 63 52 0 72 16 75 52 7 88 73 75 77 75 73 41 22 49 67 71 29 62 76 49 17 68 76 88 55 45 68 52 2 45 76 30 17 74
45 29 40 68 28 32 39 14 65 45 34 27 36 82 11 17 48 37 15 80 28 38 17 59 36 36 88 84 17 69 51 59 46 68 44 31 72 11 50 75 59 94 20 72 8 31 55 46 48 52 54 44 89 43 59 14 68 38 19 81 29 66 43 38 49 72 0 58 30 21 68 35 52 4 7 16 26 31 50 28 48 50 53 85 8 59 78 24 10 21 17 28 46 35 72 28 64 88 62 31
82 43 34 63 33 64 57 48 56 40 78 31 76 48 61 46 45 66 68 26 58 24 59 16 75 46 72 44 60 13 49 8 84 36 81 71 24 51 24 19 31 66 38 60 59 40 4 62 55 60 91 26 62 42 6 44 23 55 45 50 49 69 24 48 47 16 58 0 65 39 10 72 67 61 62 59 57 27 9 38 61 65 15 66 61 47 21 52 61 75 41 32 61 43 16 32 72 34 7 59
18 54 34 45 33 62 67 23 45 32 15 37 11 69 19 24 32 67 43 79 7 41 47 73 65 22 66 74 47 77 32 69 20 57 17 6 86 38 46 77 50 76 37 51 22 55 63 19 26 28 28 63 71 67 68 36 82 66 44 66 56 40 42 65 31 75 30 65 0 30 73 65 25 26 36 46 55 41 56 27 22 23 67 64 37 41 86 52 39 22 34 35 20 23 74 35 36 98 71 60
48 27 21 54 7 42 43 10 49 27 42 8 41 62 22 7 32 47 35 59 24 17 30 44 51 22 72 64 31 51 35 41 50 47 47 35 57 19 29 55 38 75 9 56 21 27 36 37 35 41 58 33 70 39 40 12 53 42 20 61 32 54 22 38 33 52 21 39 30 0 48 49 44 23 27 30 35 12 30 9 38 41 37 68 27 41 59 30 28 37 7 7 37 19 52 7 54 71 43 39
90 52 41 67 42 73 65 58 59 46 87 41 85 47 71 55 51 75 78 19 66 33 69 21 85 54 73 41 70 8 54 13 92 37 89 80 22 61 30 10 34 65 48 63 69 49 14 69 61 66 99 34 61 50 12 54 23 64 55 49 58 74 32 56 53 7 68 10 73 48 0 82 74 71 72 69 66 37 18 47 68 71 22 67 71 51 14 62 71 85 51 41 68 51 9 41 77 27 10 68
79 29 69 102 54 9 20 47 98 76 66 50 70 110 46 48 80 9 23 98 63 62 19 65 3 69 121 110 18 79 84 69 79 95 78 65 76 30 76 91 85 124 41 105 43 32 68 81 82 87 86 49 119 35 70 37 71 20 30 109 24 100 68 28 81 88 35 72 65 49 82 0 87 38 29 20 16 52 68 58 83 85 61 117 27 90 86 21 25 50 42 53 81 67 89 53 98 92 73 14
26 71 34 22 43 83 86 41 25 27 34 49 28 54 43 41 23 88 66 73 25 46 69 80 89 23 43 60 69 80 20 74 28 46 25 28 91 59 44 74 42 55 53 30 45 71 67 7 13 8 32 74 51 83 72 54 89 85 63 50 75 15 43 82 21 73 52 67 25 44 74 87 0 50 59 68 76 52 59 36 6 3 74 43 60 27 87 72 62 47 50 45 7 26 71 45 11 101 74 81
41 33 41 66 30 36 43 14 64 45 30 30 32 83 7 17 48 41 17 82 25 40 21 63 39 35 87 85 21 72 50 62 42 68 40 27 76 15 52 78 59 93 23 71 5 35 58 43 47 50 49 48 88 47 62 18 72 42 24 81 34 64 44 43 48 75 4 61 26 23 71 38 50 0 9 20 30 34 53 29 46 47 57 84 11 58 81 28 13 17 20 30 44 34 75 30 61 91 65 35
50 28 47 75 34 27 35 21 72 52 38 32 41 89 17 23 55 32 8 85 34 44 12 62 30 43 95 91 12 73 58 63 51 74 49 36 75 12 57 80 65 101 24 79 14 31 59 52 55 59 58 46 96 42 62 18 70 35 20 88 27 73 49 37 56 77 7 62 36 27 72 29 59 9 0 11 22 36 55 35 55 56 56 92 2 66 81 21 4 23 22 34 53 42 77 34 70 90 65 27
61 20 50 82 36 16 24 27 78 57 49 32 52 92 27 29 61 21 11 84 43 45 1 56 21 49 101 93 1 68 64 58 62 77 60 47 68 11 58 78 67 105 23 85 24 22 55 61 62 67 69 39 100 32 58 18 64 23 14 91 17 81 50 26 62 75 16 59 46 30 69 20 68 20 11 0 11 35 53 39 63 65 50 98 9 71 76 11 7 35 23 35 61 48 75 35 79 84 61 16
71 14 55 88 40 8 13 34 84 62 60 35 62 94 37 35 67 13 21 83 52 47 10 51 18 56 107 94 10 64 70 54 72 80 70 57 63 17 60 76 70 109 26 91 34 17 53 69 69 74 80 34 104 23 55 23 58 13 15 94 9 88 52 17 68 73 26 57 55 35 66 16 76 30 22 11 0 36 52 44 71 73 46 103 20 76 72 5 18 46 27 38 69 54 73 38 87 79 58 5
60 25 21 57 9 44 42 22 51 29 54 4 52 58 34 19 35 48 42 49 35 11 35 32 54 28 73 58 36 38 39 29 62 43 58 47 45 25 24 44 34 73 12 57 32 23 24 45 41 47 69 23 68 33 28 18 41 40 22 58 30 59 16 34 36 41 31 27 41 12 37 52 52 34 36 35 36 0 19 16 45 49 25 68 35 42 47 31 35 49 14 7 45 25 41 7 60 59 31 40
74 38 26 57 24 59 54 40 50 32 70 23 68 47 53 37 38 62 61 31 49 16 53 21 70 38 68 45 54 21 42 14 76 34 72 62 31 44 18 25 26 64 31 55 51 36 8 54 47 53 83 24 60 40 13 37 29 52 39 48 44 63 16 45 40 22 50 9 56 30 18 68 59 53 55 53 52 19 0 29 53 57 17 63 54 41 30 47 54 67 33 23 53 35 22 23 65 42 15 54
45 36 12 44 7 52 53 15 40 18 40 13 38 54 26 12 22 57 43 55 20 14 40 47 60 13 63 56 40 51 26 42 47 40 43 33 59 28 23 52 30 66 18 47 25 36 36 29 26 32 54 38 61 47 41 21 56 51 30 53 41 45 16 47 24 49 28 38 27 9 47 58 36 29 35 39 44 16 29 0 30 33 40 59 35 32 59 39 36 39 17 9 29 10 49 9 45 72 44 48
28 66 28 22 37 78 81 36 23 21 34 43 28 50 39 35 17 83 62 67 21 39 64 74 84 17 44 57 64 73 15 68 30 41 27 27 85 53 38 69 37 54 47 29 41 65 61 3 7 5 35 68 50 77 66 49 82 80 57 47 69 18 37 77 15 67 48 61 22 38 68 83 6 46 55 63 71 45 53 30 0 4 68 42 56 23 81 67 58 45 45 39 2 20 66 39 16 95 68 76
26 68 31 23 40 80 84 39 25 25 33 46 27 53 40 38 21 85 64 71 22 43 66 77 86 20 44 59 66 77 18 71 28 44 25 26 88 56 41 72 40 56 50 30 42 68 64 4 11 7 32 71 51 80 69 51 86 82 60 49 72 17 41 79 18 71 50 65 23 41 71 85 3 47 56 65 73 49 57 33 4 0 72 43 58 26 85 69 59 45 47 42 4 24 69 42 14 98 72 78
85 32 41 74 34 52 44 47 67 48 79 30 78 63 59 45 54 54 60 41 60 29 50 6 64 51 86 59 51 18 58 9 87 50 84 72 19 44 35 32 44 81 34 72 56 29 11 68 62 68 94 12 77 28 10 39 16 42 37 65 37 79 32 34 56 29 53 15 67 37 22 61 74 57 56 50 46 25 17 40 68 72 0 80 54 58 26 42 54 73 37 32 68 48 30 32 81 35 12 47
69 93 48 20 63 110 110 72 20 41 76 69 71 23 78 69 37 115 100 55 61 58 98 83 119 49 6 32 99 75 34 75 71 30 68 69 89 87 46 62 36 13 76 13 79 91 69 46 38 37 73 86 11 100 73 80 89 108 88 19 98 29 52 102 36 62 85 66 64 68 67 117 43 84 92 98 103 68 63 59 42 43 80 0 93 27 80 98 94 87 75 65 45 50 60 65 35 92 73 107
52 26 47 76 34 25 33 21 73 52 40 31 43 89 18 24 56 30 8 84 36 43 10 60 28 44 96 91 10 71 59 61 53 74 51 38 73 10 56 79 65 101 23 80 16 29 57 54 56 60 60 44 96 40 61 17 69 32 18 88 25 74 48 34 57 76 8 61 37 27 71 27 60 11 2 9 20 35 54 35 56 58 54 93 0 66 80 19 2 26 21 33 54 43 76 33 72 89 64 25
51 67 21 16 36 84 83 45 9 14 55 42 50 28 53 43 10 88 73 47 36 32 71 62 92 23 31 34 72 58 9 55 53 19 50 47 71 60 23 50 17 35 50 15 53 65 48 25 16 19 58 62 30 75 53 53 70 82 61 25 72 23 27 77 10 49 59 47 41 41 51 90 27 58 66 71 76 42 41 32 23 26 58 27 66 0 65 71 67 63 48 38 25 24 47 38 27 78 54 80
103 58 54 80 54 77 68 69 73 60 100 52 98 58 82 67 65 79 86 27 79 46 76 21 89 67 86 51 77 9 68 19 106 50 102 92 14 70 44 18 48 76 58 76 80 55 24 82 75 80 112 38 73 52 19 64 18 67 63 61 63 88 45 59 67 17 78 21 86 59 14 86 87 81 81 76 72 47 30 59 81 85 26 80 80 65 0 68 79 96 61 53 82 64 19 53 91 13 16 72
69 10 50 84 35 13 15 31 79 57 58 30 60 89 35 31 62 17 21 78 48 42 10 47 23 51 102 89 11 60 65 50 70 75 67 54 59 14 55 71 65 104 21 86 31 13 48 65 65 70 77 30 99 21 50 18 54 14 10 89 6 84 48 16 63 68 24 52 52 30 62 21 72 28 21 11 5 31 47 39 67 69 42 98 19 71 68 0 17 44 23 33 65 49 68 33 83 75 53 9
54 25 48 77 35 23 31 23 74 53 42 32 45 90 20 25 57 28 7 85 38 44 8 60 26 45 98 91 8 71 60 61 55 75 53 40 72 10 57 79 66 102 23 81 18 27 57 55 58 62 62 43 97 38 61 17 68 30 17 89 23 75 49 33 58 76 10 61 39 28 71 25 62 13 4 7 18 35 54 36 58 59 54 94 2 67 79 17 0 28 22 34 56 44 76 34 73 88 64 23
30 50 50 67 43 50 59 27 67 51 17 44 21 90 14 30 53 55 27 94 26 53 36 79 50 41 89 94 35 87 54 78 30 76 29 19 92 32 62 91 68 97 39 73 17 52 72 42 48 50 36 65 93 64 77 35 88 58 41 87 50 62 56 60 52 88 21 75 22 37 85 50 47 17 23 35 46 49 67 39 45 45 73 87 26 63 96 44 28 0 36 44 43 41 88 44 58 107 80 50
52 21 28 61 13 35 36 11 56 34 44 10 44 69 22 10 39 40 29 63 28 22 24 43 44 29 79 70 24 52 43 42 54 54 51 38 56 13 35 58 44 82 4 63 19 21 37 43 42 48 61 30 77 34 41 5 52 35 13 68 25 61 27 32 40 55 17 41 34 7 51 42 50 20 22 23 27 14 33 17 45 47 37 75 21 48 61 23 22 36 0 12 43 26 55 12 60 71 45 32
53 29 17 52 2 46 45 17 47 24 48 4 46 57 29 14 30 50 41 52 28 10 36 38 55 22 69 58 36 44 34 35 55 42 52 40 51 25 23 48 32 71 12 53 28 28 29 38 35 41 62 29 66 38 34 17 48 44 23 56 34 54 15 39 31 45 28 32 35 7 41 53 45 30 34 35 38 7 23 9 39 42 32 65 33 38 53 33 34 44 12 0 38 19 45 0 54 64 37 42
26 64 28 25 36 77 80 35 25 22 32 42 26 52 37 34 18 82 60 69 19 39 62 73 82 16 46 58 63 74 16 68 29 43 25 25 85 52 38 69 38 56 46 31 39 64 61 1 9 8 34 67 52 76 66 47 82 78 56 49 68 20 37 75 16 68 46 61 20 37 68 81 7 44 53 61 69 45 53 29 2 4 68 45 54 25 82 65 56 43 43 38 0 20 67 38 17 95 68 74
39 47 10 34 17 61 63 21 30 10 38 23 34 49 30 19 13 66 50 55 16 20 48 54 69 3 54 52 49 56 16 49 41 35 38 30 66 37 23 54 27 59 28 38 30 46 42 20 16 22 48 48 54 57 47 31 63 61 39 47 51 35 19 57 14 52 35 43 23 19 51 67 26 34 42 48 54 25 35 10 20 24 48 50 43 24 64 49 44 41 26 19 20 0 51 19 35 77 50 58
90 59 41 62 45 80 73 61 55 45 89 45 85 39 74 58 49 82 83 11 67 35 75 29 91 54 66 33 76 16 52 21 92 31 89 80 30 66 29 3 30 57 53 57 72 56 21 67 59 64 99 42 54 58 20 59 32 72 61 42 65 70 33 64 51 2 72 16 74 52 9 89 71 75 77 75 73 41 22 49 66 69 30 60 76 47 19 68 76 88 55 45 67 51 0 45 74 32 18 75
53 29 17 52 2 46 45 17 47 24 48 4 46 57 29 14 30 50 41 52 28 10 36 38 55 22 69 58 36 44 34 35 55 42 52 40 51 25 23 48 32 71 12 53 28 28 29 38 35 41 62 29 66 38 34 17 48 44 23 56 34 54 15 39 31 45 28 32 35 7 41 53 45 30 34 35 38 7 23 9 39 42 32 65 33 38 53 33 34 44 12 0 38 19 45 0 54 64 37 42
35 81 41 16 52 94 97 52 22 33 44 58 39 50 54 51 27 99 78 74 36 53 80 86 100 32 34 58 80 84 23 79 36 45 34 39 96 69 48 77 44 48 63 24 56 81 73 18 19 13 38 82 45 92 77 64 95 96 73 46 85 6 49 92 25 76 64 72 36 54 77 98 11 61 70 79 87 60 65 45 16 14 81 35 72 27 91 83 73 58 60 54 17 35 74 54 0 105 79 91
116 65 67 94 66 83 73 80 86 73 112 63 110 70 93 78 78 84 95 38 91 58 84 28 95 80 98 63 85 21 82 29 118 63 115 104 16 79 57 30 61 88 68 89 90 62 35 96 88 93 125 45 85 57 31 73 21 72 71 73 70 101 58 64 80 30 88 34 98 71 27 92 101 91 90 84 79 59 42 72 95 98 35 92 89 78 13 75 88 107 71 64 95 77 32 64 105 0 28 78
88 43 40 70 38 64 56 53 63 47 84 36 82 54 66 51 52 66 70 29 64 30 61 11 76 53 79 50 62 7 56 3 91 43 87 77 17 54 32 20 38 73 42 67 64 40 8 69 62 68 98 24 69 40 3 48 16 54 47 57 49 77 31 46 55 17 62 7 71 43 10 73 74 65 65 61 58 31 15 44 68 72 12 73 64 54 16 53 64 80 45 37 68 50 18 37 79 28 0 58
76 16 59 93 44 5 9 39 88 66 65 38 67 98 42 40 71 8 25 85 57 50 15 51 17 60 111 97 15 65 74 55 77 83 75 62 62 22 64 77 74 113 30 95 39 18 54 74 74 79 85 34 108 22 56 27 57 8 19 98 10 92 56 15 72 74 31 59 60 39 68 14 81 35 27 16 5 40 54 48 76 78 47 107 25 80 72 9 23 50 32 42 74 58 75 42 91 78 58 0
