0 70 48 74 54 65 31 43 23 55 93 87 69 75 24 68 20 63 35 52 47 81 41 67 27 21 56 55 13 78 83 65 26 35 41 28 77 46 36 86 12 84 16 32 59 68 53 22 18 53 31 102 53 47 62 47 32 81 66 53 28 53 88 83 25 57 39 81 25 14 68 90 74 48 77 80 38 39 65 37 77 77 32 81 11 63 26 24 28 69 62 31 86 77 49 49 63 80 18 65
70 0 23 8 16 58 68 57 55 81 29 30 38 33 90 68 90 89 47 39 33 17 52 66 43 63 77 45 70 85 21 5 50 58 51 44 61 55 77 92 60 62 73 49 34 53 50 57 52 58 70 43 26 42 24 30 72 38 6 22 94 42 43 28 45 64 34 77 95 83 12 36 20 40 88 65 80 42 29 33 38 66 43 87 78 24 79 91 55 78 87 42 46 27 25 30 29 94 88 43
48 23 0 26 6 55 51 46 36 69 50 47 42 42 69 64 68 78 26 33 24 37 40 62 23 44 67 40 47 81 40 19 28 37 39 21 62 45 62 88 38 66 53 27 33 44 43 38 31 50 53 62 21 33 20 13 55 48 18 9 73 28 55 44 22 56 12 75 73 60 21 52 34 24 82 66 64 29 33 11 47 66 21 83 57 28 60 70 38 72 77 19 56 40 7 22 32 88 66 35
74 8 26 0 21 66 74 64 61 88 31 35 45 40 95 76 94 96 48 47 40 21 59 74 48 69 85 53 73 93 25 12 53 59 58 47 69 63 84 100 64 69 79 50 41 49 57 63 57 65 76 46 34 50 22 31 78 44 9 23 99 41 48 34 49 71 37 84 99 87 9 40 26 40 95 72 87 49 36 38 45 73 45 95 83 32 85 96 62 86 95 45 52 34 27 37 37 102 92 39
54 16 6 21 0 54 55 47 40 71 43 42 39 38 74 64 74 80 32 33 24 31 42 62 28 49 69 40 54 81 34 12 34 43 41 28 61 47 65 88 44 64 58 33 31 46 43 42 37 51 57 56 20 34 19 17 59 44 12 11 79 32 50 38 29 57 18 74 79 67 16 46 28 28 82 64 68 31 30 17 42 65 27 83 63 25 65 76 42 72 79 26 52 35 11 22 29 89 72 36
65 58 55 66 54 0 38 23 43 32 59 47 23 31 69 10 76 36 73 22 31 54 24 8 49 45 27 15 75 27 51 54 68 83 25 59 11 19 42 34 65 20 55 72 25 99 14 43 53 13 40 58 35 23 74 67 41 33 60 64 72 83 37 44 57 12 61 20 83 77 67 46 43 77 30 15 44 31 30 51 29 12 65 29 65 34 52 72 37 21 35 62 32 39 62 33 29 36 78 90
31 68 51 74 55 38 0 16 17 24 83 73 50 58 31 38 38 33 54 34 35 73 19 38 31 11 25 33 43 47 72 63 46 60 19 41 49 20 10 55 37 58 18 52 42 87 29 15 28 25 2 87 43 29 71 58 4 62 66 60 35 70 69 69 37 28 49 51 45 41 71 74 63 64 45 53 13 26 50 41 59 49 48 49 28 51 14 34 13 37 31 45 66 63 57 38 48 49 40 81
43 57 46 64 47 23 16 0 22 24 68 58 34 42 47 25 54 33 56 20 24 59 5 24 31 22 21 17 53 39 59 52 50 64 7 42 34 4 23 47 44 42 33 55 28 87 13 21 33 10 18 72 31 15 65 55 20 46 57 55 51 69 53 54 39 15 48 39 60 55 63 59 49 64 38 38 26 17 35 38 43 34 49 41 43 37 31 51 15 29 31 45 50 48 52 27 34 44 55 79
23 55 36 61 40 43 17 22 0 40 74 66 47 53 36 47 38 49 38 30 26 63 19 46 15 8 39 32 32 60 64 50 30 44 18 24 54 24 27 68 23 62 19 35 37 70 30 2 12 31 18 81 33 24 54 41 20 59 52 44 40 53 66 62 20 36 33 60 44 36 56 69 54 47 59 58 29 17 43 25 55 55 31 62 26 42 24 38 6 50 47 28 64 57 40 28 42 64 38 64
55 81 69 88 71 32 24 24 40 0 89 77 53 61 47 25 57 9 77 42 48 81 29 26 53 35 5 37 67 26 80 76 69 84 31 63 40 25 19 33 60 49 40 75 49 109 32 38 52 24 24 89 55 38 89 78 23 64 81 79 49 92 69 74 60 20 70 35 63 63 87 77 70 86 23 42 19 40 56 61 60 37 70 28 49 59 31 51 34 18 8 67 64 68 76 51 55 26 60 102
93 29 50 31 43 59 83 68 74 89 0 12 36 28 110 69 112 95 75 49 48 13 64 67 67 81 84 52 96 84 11 31 78 86 64 70 57 65 91 89 85 53 93 76 41 80 57 76 76 65 85 16 41 54 52 59 87 27 35 51 114 71 26 15 70 69 62 72 117 107 39 16 20 69 88 58 94 58 33 58 30 62 70 86 100 32 96 112 72 80 94 69 32 20 53 46 35 94 111 70
87 30 47 35 42 47 73 58 66 77 12 0 25 16 101 57 105 83 73 39 40 14 55 55 61 73 73 41 91 72 10 31 74 84 54 66 45 55 81 77 80 41 85 74 31 83 46 68 70 53 75 15 34 45 54 58 77 15 36 51 106 72 15 4 65 57 59 60 110 101 42 5 14 69 76 46 84 50 24 54 18 50 67 74 93 24 87 104 64 68 82 65 21 10 52 38 25 82 104 73
69 38 42 45 39 23 50 34 47 53 36 25 0 8 80 33 85 58 65 17 23 31 32 31 46 52 48 17 76 50 28 35 63 76 32 54 24 31 58 56 65 25 64 65 11 85 22 48 53 29 52 37 21 23 57 55 54 12 41 50 84 70 19 21 52 33 52 39 91 83 48 25 20 66 53 27 60 30 9 43 8 29 58 51 73 14 64 83 43 44 58 55 17 16 49 23 10 59 85 75
75 33 42 40 38 31 58 42 53 61 28 16 8 0 87 41 91 67 67 24 28 24 39 39 50 59 56 25 80 57 21 31 66 78 39 57 30 39 66 63 70 29 71 67 16 84 30 54 58 37 60 29 24 30 55 55 62 6 38 49 91 70 14 13 56 41 53 46 97 88 45 17 14 66 61 33 68 36 10 45 4 35 60 58 79 14 72 90 50 52 66 57 14 8 49 27 12 67 91 74
24 90 69 95 74 69 31 47 36 47 110 101 80 87 0 68 11 53 59 63 61 98 48 68 46 28 50 63 35 73 99 85 50 59 48 50 80 51 28 80 36 89 17 56 71 92 60 34 38 56 29 116 68 57 85 70 28 92 86 76 4 77 99 97 48 58 62 80 16 21 90 103 89 72 70 83 28 52 78 58 89 79 56 75 13 78 17 4 38 65 52 54 96 91 71 64 76 72 16 89
68 68 64 76 64 10 38 25 47 25 69 57 33 41 68 0 76 28 80 31 40 64 29 2 55 47 21 24 79 17 62 64 74 89 30 66 15 23 40 24 70 23 56 79 35 108 21 47 59 16 40 66 44 31 83 76 40 42 70 74 71 91 46 54 63 11 69 13 83 79 77 55 53 86 20 17 41 38 40 59 39 12 73 19 66 44 51 72 41 11 27 69 41 49 71 43 40 26 79 99
20 90 68 94 74 76 38 54 38 57 112 105 85 91 11 76 0 64 54 67 64 100 54 76 46 33 60 69 27 83 101 85 46 52 54 48 88 57 38 90 32 96 21 51 75 86 66 37 37 64 37 120 71 62 82 67 36 97 86 73 12 72 104 100 46 66 59 89 6 12 88 107 92 67 80 91 38 55 82 57 93 87 52 85 12 81 26 8 42 74 63 51 102 95 69 66 80 83 5 84
63 89 78 96 80 36 33 33 49 9 95 83 58 67 53 28 64 0 86 50 56 88 38 29 62 44 11 44 76 22 86 84 78 93 39 72 43 34 27 28 69 51 48 84 56 118 39 47 61 31 32 94 63 47 98 87 31 69 89 88 55 101 73 80 69 26 79 34 69 70 95 82 77 95 18 44 26 49 63 70 65 39 80 24 57 66 39 57 43 18 1 76 68 74 85 59 62 19 67 111
35 47 26 48 32 73 54 56 38 77 75 73 65 67 59 80 54 86 0 52 43 63 52 78 25 44 76 59 28 95 66 44 9 11 50 14 82 58 63 103 23 88 47 3 55 34 60 39 26 64 55 88 44 50 30 17 57 73 41 25 63 18 80 70 18 70 14 93 57 44 40 78 59 13 95 86 66 42 57 22 71 85 8 97 46 53 57 59 43 85 85 11 81 66 22 43 56 100 51 30
52 39 33 47 33 22 34 20 30 42 49 39 17 24 63 31 67 50 52 0 9 40 16 29 30 35 38 7 59 48 39 34 48 62 15 39 30 17 43 55 49 36 47 51 8 77 11 31 37 19 36 53 13 6 52 45 38 29 40 42 67 61 37 35 37 25 40 42 73 65 47 40 29 56 50 34 45 13 16 30 26 33 45 50 55 17 48 66 26 40 49 41 34 29 40 11 14 56 68 68
47 33 24 40 24 31 35 24 26 48 48 40 23 28 61 40 64 56 43 9 0 38 19 38 23 33 45 16 53 57 38 28 40 54 18 31 39 23 45 64 42 44 45 43 12 68 19 28 30 26 38 55 7 10 43 36 40 34 33 33 66 51 41 36 29 33 30 51 70 61 39 43 28 46 58 43 48 10 17 21 31 43 36 59 52 16 48 64 24 48 55 32 40 30 31 3 16 64 64 59
81 17 37 21 31 54 73 59 63 81 13 14 31 24 98 64 100 88 63 40 38 0 55 62 54 70 77 44 83 81 4 19 65 74 54 57 54 57 82 86 73 52 82 64 32 69 49 65 64 57 75 26 30 45 41 47 77 26 23 39 103 59 28 13 58 62 49 70 106 95 28 20 11 57 84 56 85 47 25 46 27 59 58 82 88 23 85 101 62 75 87 56 33 16 41 35 26 90 99 59
41 52 40 59 42 24 19 5 19 29 64 55 32 39 48 29 54 38 52 16 19 55 0 27 27 22 27 15 51 43 54 47 46 60 1 38 35 6 27 51 41 43 33 50 24 81 12 19 30 13 21 69 26 10 60 50 22 44 52 50 52 64 51 51 34 18 42 42 60 54 57 56 45 59 43 39 30 11 31 33 40 36 44 45 43 33 33 52 13 33 37 41 48 45 47 22 30 49 55 74
67 66 62 74 62 8 38 24 46 26 67 55 31 39 68 2 76 29 78 29 38 62 27 0 54 46 21 22 78 19 59 62 73 87 28 64 14 22 40 26 68 23 56 77 33 106 19 45 57 15 39 65 42 29 81 74 40 40 68 71 71 89 44 52 61 10 67 15 82 78 75 53 51 84 22 16 41 36 38 57 37 12 71 21 66 42 51 71 39 13 29 67 39 47 69 40 37 28 78 97
27 43 23 48 28 49 31 31 15 53 67 61 46 50 46 55 46 62 25 30 23 54 27 54 0 22 52 35 30 70 56 39 19 34 26 11 59 33 41 78 20 65 31 23 35 56 35 16 9 39 33 76 27 26 40 27 35 56 40 30 51 39 64 57 8 45 18 68 51 40 43 64 47 33 70 63 44 18 40 11 53 61 18 72 35 37 38 48 19 60 61 14 63 51 26 23 38 75 45 50
21 63 44 69 49 45 11 22 8 35 81 73 52 59 28 47 33 44 44 35 33 70 22 46 22 0 36 36 33 58 71 58 35 49 21 30 56 25 20 65 25 64 12 41 42 77 33 6 17 32 12 88 40 29 62 49 14 64 60 52 33 60 71 69 27 36 40 60 39 33 64 75 61 54 56 60 22 23 50 33 61 56 38 60 21 49 16 31 9 48 43 35 69 63 48 36 48 60 34 71
56 77 67 85 69 27 25 21 39 5 84 73 48 56 50 21 60 11 76 38 45 77 27 21 52 36 0 33 68 23 75 73 69 83 28 62 35 22 22 30 61 44 42 74 45 108 28 38 51 20 25 84 51 35 87 77 25 59 78 76 53 90 64 69 59 16 69 30 66 65 84 72 66 85 21 37 22 38 52 59 55 33 69 25 51 55 34 54 33 14 10 66 59 64 73 48 51 25 63 100
55 45 40 53 40 15 33 17 32 37 52 41 17 25 63 24 69 44 59 7 16 44 15 22 35 36 33 0 63 41 43 41 54 68 15 45 24 14 40 48 53 30 48 58 12 84 5 33 41 13 35 54 20 9 59 52 37 29 47 49 67 68 36 37 43 18 47 35 75 68 53 42 33 62 43 28 43 17 19 37 26 26 51 43 57 22 47 67 27 33 43 47 33 32 48 18 18 49 70 75
13 70 47 73 54 75 43 53 32 67 96 91 76 80 35 79 27 76 28 59 53 83 51 78 30 33 68 63 0 90 85 66 21 25 50 26 86 56 49 98 11 93 28 25 65 59 62 32 23 63 43 106 57 55 58 43 44 86 65 50 38 46 94 87 26 68 36 92 29 16 66 94 77 41 89 90 51 47 70 38 83 87 28 92 22 68 39 33 38 80 74 28 93 82 47 54 69 93 23 57
78 85 81 93 81 27 47 39 60 26 84 72 50 57 73 17 83 22 95 48 57 81 43 19 70 58 23 41 90 0 78 81 88 103 44 81 28 37 45 8 82 34 65 93 52 124 38 59 72 31 48 80 61 47 100 92 47 57 87 90 76 107 60 70 77 25 85 14 89 88 94 70 70 101 5 27 45 53 57 75 54 23 87 2 74 61 57 77 53 10 23 84 54 65 88 59 56 10 86 115
83 21 40 25 34 51 72 59 64 80 11 10 28 21 99 62 101 86 66 39 38 4 54 59 56 71 75 43 85 78 0 22 68 77 54 60 51 56 81 83 75 49 82 67 31 74 48 65 65 55 75 22 31 44 45 50 77 22 27 43 103 63 24 9 60 60 52 66 107 96 32 15 10 61 81 53 84 48 24 48 24 56 60 79 89 22 85 101 62 72 85 59 29 12 44 35 25 87 100 64
65 5 19 12 12 54 63 52 50 76 31 31 35 31 85 64 85 84 44 34 28 19 47 62 39 58 73 41 66 81 22 0 47 55 46 40 58 51 72 88 56 60 68 45 30 53 45 52 48 53 65 45 21 37 24 28 67 36 6 20 89 41 42 28 40 59 31 73 90 78 13 36 19 38 84 62 75 37 25 28 36 63 39 83 73 21 73 86 50 74 83 38 45 26 22 25 26 90 83 43
26 50 28 53 34 68 46 50 30 69 78 74 63 66 50 74 46 78 9 48 40 65 46 73 19 35 69 54 21 88 68 47 0 15 44 9 78 51 55 96 14 84 38 6 52 43 54 31 18 58 47 89 42 45 37 23 49 72 45 30 54 27 79 70 11 64 16 87 49 36 46 78 60 22 88 82 57 37 56 21 70 80 8 91 37 52 48 50 36 79 77 9 80 66 26 40 54 93 42 39
35 58 37 59 43 83 60 64 44 84 86 84 76 78 59 89 52 93 11 62 54 74 60 87 34 49 83 68 25 103 77 55 15 0 59 23 92 66 68 111 25 98 50 11 65 34 69 45 32 73 61 99 55 59 39 27 62 84 52 35 63 22 91 81 26 79 25 102 54 41 50 89 71 20 103 96 70 52 68 33 82 95 18 105 46 64 60 58 50 93 91 21 92 77 33 53 67 108 48 34
41 51 39 58 41 25 19 7 18 31 64 54 32 39 48 30 54 39 50 15 18 54 1 28 26 21 28 15 50 44 54 46 44 59 0 36 36 7 28 52 40 44 33 49 23 80 12 18 29 14 21 68 25 10 59 49 23 44 50 48 52 63 51 50 33 20 41 43 60 53 56 56 44 57 45 40 30 10 31 31 40 37 43 47 42 32 33 51 12 35 38 39 48 44 45 21 30 50 55 72
28 44 21 47 28 59 41 42 24 63 70 66 54 57 50 66 48 72 14 39 31 57 38 64 11 30 62 45 26 81 60 40 9 23 36 0 69 44 50 89 17 75 36 13 43 47 46 26 13 50 42 81 34 36 35 20 44 63 39 26 55 30 71 62 4 56 11 79 52 39 41 70 52 24 81 73 53 29 47 12 61 71 7 83 38 43 45 51 29 71 71 4 71 57 22 31 46 86 45 41
77 61 62 69 61 11 49 34 54 40 57 45 24 30 80 15 88 43 82 30 39 54 35 14 59 56 35 24 86 28 51 58 78 92 36 69 0 31 53 33 76 9 67 81 30 106 24 54 64 24 51 52 41 33 80 75 52 29 64 71 84 90 32 42 66 22 70 16 94 89 72 42 44 85 32 4 55 41 33 60 27 5 75 29 77 38 63 84 48 26 43 71 26 38 70 41 33 38 89 97
46 55 45 63 47 19 20 4 24 25 65 55 31 39 51 23 57 34 58 17 23 57 6 22 33 25 22 14 56 37 56 51 51 66 7 44 31 0 27 45 47 39 36 56 25 87 9 24 35 7 22 68 29 13 65 55 23 43 56 55 55 70 50 51 40 13 48 36 64 58 62 56 46 64 37 34 29 16 32 38 39 31 50 39 46 34 34 54 18 28 32 47 46 45 52 26 31 43 59 79
36 77 62 84 65 42 10 23 27 19 91 81 58 66 28 40 38 27 63 43 45 82 27 40 41 20 22 40 49 45 81 72 55 68 28 50 53 27 0 52 44 62 21 61 51 97 36 25 37 30 8 95 52 37 81 68 6 70 76 70 31 80 76 77 47 31 59 52 44 43 81 82 72 74 42 56 3 35 58 51 66 51 57 47 30 59 12 32 23 36 26 54 72 72 66 48 57 45 41 91
86 92 88 100 88 34 55 47 68 33 89 77 56 63 80 24 90 28 103 55 64 86 51 26 78 65 30 48 98 8 83 88 96 111 52 89 33 45 52 0 90 37 72 101 59 132 45 67 80 39 55 84 69 55 107 100 55 62 94 98 82 115 64 75 85 33 93 17 96 95 101 75 76 109 10 31 52 61 64 83 60 28 95 6 82 68 64 84 61 18 28 92 58 71 95 67 63 10 93 123
12 60 38 64 44 65 37 44 23 60 85 80 65 70 36 70 32 69 23 49 42 73 41 68 20 25 61 53 11 82 75 56 14 25 40 17 76 47 44 90 0 83 25 20 54 57 52 23 12 54 37 96 47 44 50 36 38 76 56 42 40 41 83 76 16 59 28 83 35 23 57 84 67 36 81 80 46 36 59 28 73 77 21 84 23 57 36 36 29 72 68 20 82 71 38 43 58 85 29 53
84 62 66 69 64 20 58 42 62 49 53 41 25 29 89 23 96 51 88 36 44 52 43 23 65 64 44 30 93 34 49 60 84 98 44 75 9 39 62 37 83 0 75 87 34 110 31 62 71 32 60 47 45 39 82 79 60 27 66 74 92 94 27 40 73 31 75 20 102 97 73 38 43 90 38 7 63 47 34 65 25 12 80 34 85 39 72 92 56 33 50 77 21 37 73 45 35 44 97 100
16 73 53 79 58 55 18 33 19 40 93 85 64 71 17 56 21 48 47 47 45 82 33 56 31 12 42 48 28 65 82 68 38 50 33 36 67 36 21 72 25 75 0 44 54 81 45 17 23 43 17 100 52 41 70 56 17 76 70 60 21 65 83 81 33 46 47 69 27 23 74 87 73 59 62 70 22 35 62 42 73 66 43 67 10 61 11 19 21 55 47 40 81 75 56 47 60 66 23 76
32 49 27 50 33 72 52 55 35 75 76 74 65 67 56 79 51 84 3 51 43 64 50 77 23 41 74 58 25 93 67 45 6 11 49 13 81 56 61 101 20 87 44 0 54 37 58 37 24 63 53 89 44 49 33 19 55 73 43 27 60 21 81 70 16 69 15 91 54 41 42 78 60 16 93 85 63 41 57 22 71 84 7 95 43 53 54 56 41 83 83 10 81 66 24 42 56 98 48 33
59 34 33 41 31 25 42 28 37 49 41 31 11 16 71 35 75 56 55 8 12 32 24 33 35 42 45 12 65 52 31 30 52 65 23 43 30 25 51 59 54 34 54 54 0 76 17 38 42 25 44 45 11 14 50 45 46 22 36 41 75 61 30 27 41 30 41 44 81 72 42 33 21 56 54 34 53 19 8 32 19 34 47 54 63 10 56 74 33 45 55 44 28 21 40 12 6 61 75 67
68 53 44 49 46 99 87 87 70 109 80 83 85 84 92 108 86 118 34 77 68 69 81 106 56 77 108 84 59 124 74 53 43 34 80 47 106 87 97 132 57 110 81 37 76 0 86 72 60 93 89 95 65 76 29 32 90 89 47 35 96 17 95 81 50 99 39 119 88 75 41 88 72 23 124 110 99 71 76 49 88 110 39 126 79 71 91 92 75 115 117 43 97 79 37 66 75 130 82 10
53 50 43 57 43 14 29 13 30 32 57 46 22 30 60 21 66 39 60 11 19 49 12 19 35 33 28 5 62 38 48 45 54 69 12 46 24 9 36 45 52 31 45 58 17 86 0 31 40 8 31 59 24 10 62 55 33 34 51 52 64 70 40 42 43 14 48 33 72 66 57 47 38 64 39 28 38 17 24 38 30 26 52 40 54 27 43 63 25 29 38 48 37 37 50 22 23 45 67 78
22 57 38 63 42 43 15 21 2 38 76 68 48 54 34 47 37 47 39 31 28 65 19 45 16 6 38 33 32 59 65 52 31 45 18 26 54 24 25 67 23 62 17 37 38 72 31 0 13 31 17 83 34 25 56 43 18 60 54 46 38 55 67 64 22 36 34 60 43 35 58 70 56 49 58 58 28 18 45 27 56 55 33 61 25 44 22 36 6 49 46 30 65 58 42 30 43 62 37 66
18 52 31 57 37 53 28 33 12 52 76 70 53 58 38 59 37 61 26 37 30 64 30 57 9 17 51 41 23 72 65 48 18 32 29 13 64 35 37 80 12 71 23 24 42 60 40 13 0 42 29 85 36 32 47 33 31 64 49 37 42 43 72 65 10 48 24 72 42 31 52 73 56 37 71 68 40 24 48 20 61 66 20 74 26 46 32 39 18 62 59 17 71 60 33 32 47 76 36 54
53 58 50 65 51 13 25 10 31 24 65 53 29 37 56 16 64 31 64 19 26 57 13 15 39 32 20 13 63 31 55 53 58 73 14 50 24 7 30 39 54 32 43 63 25 93 8 31 42 0 27 66 32 17 69 61 28 40 59 59 60 76 46 50 47 6 54 29 70 65 65 53 46 70 32 28 33 22 32 44 37 24 57 33 53 35 39 60 25 22 30 53 42 44 57 29 31 38 65 84
31 70 53 76 57 40 2 18 18 24 85 75 52 60 29 40 37 32 55 36 38 75 21 39 33 12 25 35 43 48 75 65 47 61 21 42 51 22 8 55 37 60 17 53 44 89 31 17 29 27 0 89 45 31 72 60 2 65 68 62 33 72 71 71 38 29 51 52 43 40 73 77 65 66 46 54 11 28 52 43 61 50 49 50 27 53 12 33 15 38 31 46 68 66 58 41 51 49 39 82
102 43 62 46 56 58 87 72 81 89 16 15 37 29 116 66 120 94 88 53 55 26 69 65 76 88 84 54 106 80 22 45 89 99 68 81 52 68 95 84 96 47 100 89 45 95 59 83 85 66 89 0 49 59 67 73 91 25 49 65 120 85 20 19 81 69 74 67 125 116 54 13 29 83 84 53 97 64 38 69 29 57 82 81 108 39 101 119 79 77 93 80 26 25 67 53 40 90 119 85
53 26 21 34 20 35 43 31 33 55 41 34 21 24 68 44 71 63 44 13 7 30 26 42 27 40 51 20 57 61 31 21 42 55 25 34 41 29 52 69 47 45 52 44 11 65 24 34 36 32 45 49 0 16 39 34 47 30 27 30 73 50 37 30 32 38 30 54 76 66 33 37 21 45 63 45 55 17 13 22 27 45 37 63 59 10 55 71 31 53 61 34 37 25 29 4 12 69 70 56
47 42 33 50 34 23 29 15 24 38 54 45 23 30 57 31 62 47 50 6 10 45 10 29 26 29 35 9 55 47 44 37 45 59 10 36 33 13 37 55 44 39 41 49 14 76 10 25 32 17 31 59 16 0 53 45 33 35 42 43 62 60 42 40 34 23 38 43 68 60 49 46 34 54 49 37 40 8 21 28 31 35 42 50 50 22 42 60 20 39 45 39 40 35 40 13 20 55 62 68
62 24 20 22 19 74 71 65 54 89 52 54 57 55 85 83 82 98 30 52 43 41 60 81 40 62 87 59 58 100 45 24 37 39 59 35 80 65 81 107 50 82 70 33 50 29 62 56 47 69 72 67 39 53 0 15 74 60 18 10 89 19 66 52 37 76 23 93 86 73 13 60 43 19 101 83 84 49 48 29 60 84 30 102 72 43 78 86 57 91 97 31 69 50 14 41 47 107 79 19
47 30 13 31 17 67 58 55 41 78 59 58 55 55 70 76 67 87 17 45 36 47 50 74 27 49 77 52 43 92 50 28 23 27 49 20 75 55 68 100 36 79 56 19 45 32 55 43 33 61 60 73 34 45 15 0 62 61 25 8 75 16 67 55 23 67 9 87 71 58 23 63 45 11 93 79 71 39 46 17 59 78 15 94 58 41 64 71 45 83 86 16 69 52 6 34 45 99 65 24
32 72 55 78 59 41 4 20 20 23 87 77 54 62 28 40 36 31 57 38 40 77 22 40 35 14 25 37 44 47 77 67 49 62 23 44 52 23 6 55 38 60 17 55 46 90 33 18 31 28 2 91 47 33 74 62 0 66 70 64 32 73 73 73 40 30 53 52 43 40 75 78 67 68 45 55 9 30 54 45 62 51 51 49 27 55 11 32 17 38 30 48 69 67 60 42 52 49 39 84
81 38 48 44 44 33 62 46 59 64 27 15 12 6 92 42 97 69 73 29 34 26 44 40 56 64 59 29 86 57 22 36 72 84 44 63 29 43 70 62 76 27 76 73 22 89 34 60 64 40 65 25 30 35 60 61 66 0 42 54 96 76 8 13 62 43 59 45 103 94 49 13 18 72 61 31 72 41 16 51 4 35 66 58 85 20 76 95 55 53 68 64 9 11 55 33 18 67 97 79
66 6 18 9 12 60 66 57 52 81 35 36 41 38 86 70 86 89 41 40 33 23 52 68 40 60 78 47 65 87 27 6 45 52 50 39 64 56 76 94 56 66 70 43 36 47 51 54 49 59 68 49 27 42 18 25 70 42 0 17 91 36 48 34 40 65 29 79 91 78 7 41 25 34 89 68 79 41 32 29 42 69 38 89 75 27 76 88 53 80 88 37 51 32 19 30 32 96 84 37
53 22 9 23 11 64 60 55 44 79 51 51 50 49 76 74 73 88 25 42 33 39 50 71 30 52 76 49 50 90 43 20 30 35 48 26 71 55 70 98 42 74 60 27 41 35 52 46 37 59 62 65 30 43 10 8 64 54 17 0 80 21 61 48 28 66 14 84 77 65 16 56 38 18 91 75 73 38 40 19 53 75 22 92 63 35 68 76 47 81 86 22 63 45 4 31 40 97 71 26
28 94 73 99 79 72 35 51 40 49 114 106 84 91 4 71 12 55 63 67 66 103 52 71 51 33 53 67 38 76 103 89 54 63 52 55 84 55 31 82 40 92 21 60 75 96 64 38 42 60 33 120 73 62 89 75 32 96 91 80 0 81 103 102 52 61 66 83 16 23 94 108 94 76 72 87 31 56 82 62 93 82 60 77 17 82 21 4 42 67 54 58 100 96 76 68 81 74 17 93
53 42 28 41 32 83 70 69 53 92 71 72 70 70 77 91 72 101 18 61 51 59 64 89 39 60 90 68 46 107 63 41 27 22 63 30 90 70 80 115 41 94 65 21 61 17 70 55 43 76 72 85 50 60 19 16 73 76 36 21 81 0 82 69 33 82 22 103 75 62 32 77 59 6 107 94 82 54 61 32 74 94 22 109 64 56 74 77 58 98 100 25 84 66 21 50 60 113 68 12
88 43 55 48 50 37 69 53 66 69 26 15 19 14 99 46 104 73 80 37 41 28 51 44 64 71 64 36 94 60 24 42 79 91 51 71 32 50 76 64 83 27 83 81 30 95 40 67 72 46 71 20 37 42 66 67 73 8 48 61 103 82 0 15 69 49 66 47 110 102 54 11 23 78 64 33 79 49 24 59 11 37 74 61 92 27 83 102 62 57 73 71 6 16 61 40 25 70 104 84
83 28 44 34 38 44 69 54 62 74 15 4 21 13 97 54 100 80 70 35 36 13 51 52 57 69 69 37 87 70 9 28 70 81 50 62 42 51 77 75 76 40 81 70 27 81 42 64 65 50 71 19 30 40 52 55 73 13 34 48 102 69 15 0 61 54 56 58 106 96 40 8 10 66 73 44 80 45 19 50 15 47 64 71 88 20 83 100 60 65 79 61 20 6 49 34 21 80 100 71
25 45 22 49 29 57 37 39 20 60 70 65 52 56 48 63 46 69 18 37 29 58 34 61 8 27 59 43 26 77 60 40 11 26 33 4 66 40 47 85 16 73 33 16 41 50 43 22 10 47 38 81 32 34 37 23 40 62 40 28 52 33 69 61 0 53 14 76 50 38 43 69 51 27 77 71 49 26 45 12 59 69 11 80 35 42 42 49 25 68 67 8 69 56 24 29 44 82 43 44
57 64 56 71 57 12 28 15 36 20 69 57 33 41 58 11 66 26 70 25 33 62 18 10 45 36 16 18 68 25 60 59 64 79 20 56 22 13 31 33 59 31 46 69 30 99 14 36 48 6 29 69 38 23 76 67 30 43 65 66 61 82 49 54 53 0 60 24 72 68 71 57 51 76 26 25 32 28 37 50 40 21 63 27 56 40 41 62 30 16 25 59 44 48 63 35 36 32 68 91
39 34 12 37 18 61 49 48 33 70 62 59 52 53 62 69 59 79 14 40 30 49 42 67 18 40 69 47 36 85 52 31 16 25 41 11 70 48 59 93 28 75 47 15 41 39 48 34 24 54 51 74 30 38 23 9 53 59 29 14 66 22 66 56 14 60 0 81 63 51 30 64 45 16 86 74 62 32 43 10 57 73 9 87 49 39 55 62 37 76 78 8 67 52 10 29 42 91 56 32
81 77 75 84 74 20 51 39 60 35 72 60 39 46 80 13 89 34 93 42 51 70 42 15 68 60 30 35 92 14 66 73 87 102 43 79 16 36 52 17 83 20 69 91 44 119 33 60 72 29 52 67 54 43 93 87 52 45 79 84 83 103 47 58 76 24 81 0 95 92 86 57 60 97 19 14 52 50 48 71 43 11 85 14 79 52 63 84 54 17 34 81 41 54 82 53 47 24 91 110
25 95 73 99 79 83 45 60 44 63 117 110 91 97 16 83 6 69 57 73 70 106 60 82 51 39 66 75 29 89 107 90 49 54 60 52 94 64 44 96 35 102 27 54 81 88 72 43 42 70 43 125 76 68 86 71 43 103 91 77 16 75 110 106 50 72 63 95 0 13 93 113 98 70 86 97 44 61 87 62 99 93 56 91 18 86 32 12 48 80 68 55 108 101 73 72 86 88 7 87
14 83 60 87 67 77 41 55 36 63 107 101 83 88 21 79 12 70 44 65 61 95 54 78 40 33 65 68 16 88 96 78 36 41 53 39 89 58 43 95 23 97 23 41 72 75 66 35 31 65 40 116 66 60 73 58 40 94 78 65 23 62 102 96 38 68 51 92 13 0 80 103 87 57 85 92 44 53 78 50 91 89 43 90 13 77 32 19 41 78 69 42 100 91 61 62 77 89 7 73
68 12 21 9 16 67 71 63 56 87 39 42 48 45 90 77 88 95 40 47 39 28 57 75 43 64 84 53 66 94 32 13 46 50 56 41 72 62 81 101 57 73 74 42 42 41 57 58 52 65 73 54 33 49 13 23 75 49 7 16 94 32 54 40 43 71 30 86 93 80 0 47 31 31 96 75 84 47 39 32 49 76 38 96 77 34 81 91 58 86 94 38 58 39 19 36 39 102 86 31
90 36 52 40 46 46 74 59 69 77 16 5 25 17 103 55 107 82 78 40 43 20 56 53 64 75 72 42 94 70 15 36 78 89 56 70 42 56 82 75 84 38 87 78 33 88 47 70 73 53 77 13 37 46 60 63 78 13 41 56 108 77 11 8 69 57 64 57 113 103 47 0 18 74 74 43 85 52 25 58 17 47 72 71 95 27 88 106 66 66 81 69 17 13 57 41 27 80 107 78
74 20 34 26 28 43 63 49 54 70 20 14 20 14 89 53 92 77 59 29 28 11 45 51 47 61 66 33 77 70 10 19 60 71 44 52 44 46 72 76 67 43 73 60 21 72 38 56 56 46 65 29 21 34 43 45 67 18 25 38 94 59 23 10 51 51 45 60 98 87 31 18 0 56 73 47 74 38 14 40 18 49 53 71 80 12 76 92 52 64 76 51 26 8 39 26 15 79 91 61
48 40 24 40 28 77 64 64 47 86 69 69 66 66 72 86 67 95 13 56 46 57 59 84 33 54 85 62 41 101 61 38 22 20 57 24 85 64 74 109 36 90 59 16 56 23 64 49 37 70 66 83 45 54 19 11 68 72 34 18 76 6 78 66 27 76 16 97 70 57 31 74 56 0 102 89 77 48 57 26 70 89 17 103 59 52 69 72 52 92 94 20 80 63 17 45 56 107 64 17
77 88 82 95 82 30 45 38 59 23 88 76 53 61 70 20 80 18 95 50 58 84 43 22 70 56 21 43 89 5 81 84 88 103 45 81 32 37 42 10 81 38 62 93 54 124 39 58 71 32 46 84 63 49 101 93 45 61 89 91 72 107 64 73 77 26 86 19 86 85 96 74 73 102 0 32 42 54 60 76 58 27 87 6 72 64 54 74 52 10 19 84 58 69 89 61 59 6 83 116
80 65 66 72 64 15 53 38 58 42 58 46 27 33 83 17 91 44 86 34 43 56 39 16 63 60 37 28 90 27 53 62 82 96 40 73 4 34 56 31 80 7 70 85 34 110 28 58 68 28 54 53 45 37 83 79 55 31 68 75 87 94 33 44 71 25 74 14 97 92 75 43 47 89 32 0 57 45 36 64 29 5 79 28 80 41 66 87 52 26 44 75 27 41 74 45 36 37 93 101
38 80 64 87 68 44 13 26 29 19 94 84 60 68 28 41 38 26 66 45 48 85 30 41 44 22 22 43 51 45 84 75 57 70 30 53 55 29 3 52 46 63 22 63 53 99 38 28 40 33 11 97 55 40 84 71 9 72 79 73 31 82 79 80 49 32 62 52 44 44 84 85 74 77 42 57 0 38 61 54 69 53 60 47 31 62 13 32 26 37 25 57 75 74 69 51 60 45 42 93
39 42 29 49 31 31 26 17 17 40 58 50 30 36 52 38 55 49 42 13 10 47 11 36 18 23 38 17 47 53 48 37 37 52 10 29 41 16 35 61 36 47 35 41 19 71 17 18 24 22 28 64 17 8 49 39 30 41 41 38 56 54 49 45 26 28 32 50 61 53 47 52 38 48 54 45 38 0 26 22 38 43 35 55 43 26 38 54 14 44 48 31 47 40 36 13 25 60 55 63
65 29 33 36 30 30 50 35 43 56 33 24 9 10 78 40 82 63 57 16 17 25 31 38 40 50 52 19 70 57 24 25 56 68 31 47 33 32 58 64 59 34 62 57 8 76 24 45 48 32 52 38 13 21 48 46 54 16 32 40 82 61 24 19 45 37 43 48 87 78 39 25 14 57 60 36 61 26 0 35 14 37 50 59 70 5 63 81 40 50 62 47 24 14 40 16 1 66 81 66
37 33 11 38 17 51 41 38 25 61 58 54 43 45 58 59 57 70 22 30 21 46 33 57 11 33 59 37 38 75 48 28 21 33 31 12 60 38 51 83 28 65 42 22 32 49 38 27 20 44 43 69 22 28 29 17 45 51 29 19 62 32 59 50 12 50 10 71 62 50 32 58 40 26 76 64 54 22 35 0 49 63 15 77 46 32 49 59 28 66 69 12 59 45 15 20 34 81 55 41
77 38 47 45 42 29 59 43 55 60 30 18 8 4 89 39 93 65 71 26 31 27 40 37 53 61 55 26 83 54 24 36 70 82 40 61 27 39 66 60 73 25 73 71 19 88 30 56 61 37 61 29 27 31 60 59 62 4 42 53 93 74 11 15 59 40 57 43 99 91 49 17 18 70 58 29 69 38 14 49 0 32 64 56 81 18 73 92 51 50 65 61 10 12 53 30 15 64 93 78
77 66 66 73 65 12 49 34 55 37 62 50 29 35 79 12 87 39 85 33 43 59 36 12 61 56 33 26 87 23 56 63 80 95 37 71 5 31 51 28 77 12 66 84 34 110 26 55 66 24 50 57 45 35 84 78 51 35 69 75 82 94 37 47 69 21 73 11 93 89 76 47 49 89 27 5 53 43 37 63 32 0 77 24 76 42 62 83 49 21 39 74 31 43 73 44 37 33 89 101
32 43 21 45 27 65 48 49 31 70 70 67 58 60 56 73 52 80 8 45 36 58 44 71 18 38 69 51 28 87 60 39 8 18 43 7 75 50 57 95 21 80 43 7 47 39 52 33 20 57 49 82 37 42 30 15 51 66 38 22 60 22 74 64 11 63 9 85 56 43 38 72 53 17 87 79 60 35 50 15 64 77 0 90 43 46 52 56 36 78 78 4 74 59 18 35 49 93 49 34
81 87 83 95 83 29 49 41 62 28 86 74 51 58 75 19 85 24 97 50 59 82 45 21 72 60 25 43 92 2 79 83 91 105 47 83 29 39 47 6 84 34 67 95 54 126 40 61 74 33 50 81 63 50 102 94 49 58 89 92 77 109 61 71 80 27 87 14 91 90 96 71 71 103 6 28 47 55 59 77 56 24 90 0 77 63 59 79 55 12 24 86 55 67 90 61 58 9 88 117
11 78 57 83 63 65 28 43 26 49 100 93 73 79 13 66 12 57 46 55 52 88 43 66 35 21 51 57 22 74 89 73 37 46 42 38 77 46 30 82 23 85 10 43 63 79 54 25 26 53 27 108 59 50 72 58 27 85 75 63 17 64 92 88 35 56 49 79 18 13 77 95 80 59 72 80 31 43 70 46 81 76 43 77 0 69 18 13 30 65 56 41 90 83 59 54 68 75 13 76
63 24 28 32 25 34 51 37 42 59 32 24 14 14 78 44 81 66 53 17 16 23 33 42 37 49 55 22 68 61 22 21 52 64 32 43 38 34 59 68 57 39 61 53 10 71 27 44 46 35 53 39 10 22 43 41 55 20 27 35 82 56 27 20 42 40 39 52 86 77 34 27 12 52 64 41 62 26 5 32 18 42 46 63 69 0 64 80 40 54 65 44 28 14 35 14 5 70 80 61
26 79 60 85 65 52 14 31 24 31 96 87 64 72 17 51 26 39 57 48 48 85 33 51 38 16 34 47 39 57 85 73 48 60 33 45 63 34 12 64 36 72 11 54 56 91 43 22 32 39 12 101 55 42 78 64 11 76 76 68 21 74 83 83 42 41 55 63 32 32 81 88 76 69 54 66 13 38 63 49 73 62 52 59 18 64 0 21 24 48 37 49 80 77 64 51 62 57 29 86
24 91 70 96 76 72 34 51 38 51 112 104 83 90 4 72 8 57 59 66 64 101 52 71 48 31 54 67 33 77 101 86 50 58 51 51 84 54 32 84 36 92 19 56 74 92 63 36 39 60 33 119 71 60 86 71 32 95 88 76 4 77 102 100 49 62 62 84 12 19 91 106 92 72 74 87 32 54 81 59 92 83 56 79 13 80 21 0 40 69 56 55 99 94 72 66 79 76 13 89
28 55 38 62 42 37 13 15 6 34 72 64 43 50 38 41 42 43 43 26 24 62 13 39 19 9 33 27 38 53 62 50 36 50 12 29 48 18 23 61 29 56 21 41 33 75 25 6 18 25 15 79 31 20 57 45 17 55 53 47 42 58 62 60 25 30 37 54 48 41 58 66 52 52 52 52 26 14 40 28 51 49 36 55 30 40 24 40 0 43 42 33 60 54 43 27 39 57 42 68
69 78 72 86 72 21 37 29 50 18 80 68 44 52 65 11 74 18 85 40 48 75 33 13 60 48 14 33 80 10 72 74 79 93 35 71 26 28 36 18 72 33 55 83 45 115 29 49 62 22 38 77 53 39 91 83 38 53 80 81 67 98 57 65 68 16 76 17 80 78 86 66 64 92 10 26 37 44 50 66 50 21 78 12 65 54 48 69 43 0 18 74 51 60 79 51 50 16 77 106
62 87 77 95 79 35 31 31 47 8 94 82 58 66 52 27 63 1 85 49 55 87 37 29 61 43 10 43 74 23 85 83 77 91 38 71 43 32 26 28 68 50 47 83 55 117 38 46 59 30 31 93 61 45 97 86 30 68 88 86 54 100 73 79 67 25 78 34 68 69 94 81 76 94 19 44 25 48 62 69 65 39 78 24 56 65 37 56 42 18 0 75 67 73 83 58 61 20 66 110
31 42 19 45 26 62 45 45 28 67 69 65 55 57 54 69 51 76 11 41 32 56 41 67 14 35 66 47 28 84 59 38 9 21 39 4 71 47 54 92 20 77 40 10 44 43 48 30 17 53 46 80 34 39 31 16 48 64 37 22 58 25 71 61 8 59 8 81 55 42 38 69 51 20 84 75 57 31 47 12 61 74 4 86 41 44 49 55 33 74 75 0 71 57 18 32 46 89 48 37
86 46 56 52 52 32 66 50 64 64 32 21 17 14 96 41 102 68 81 34 40 33 48 39 63 69 59 33 93 54 29 45 80 92 48 71 26 46 72 58 82 21 81 81 28 97 37 65 71 42 68 26 37 40 69 69 69 9 51 63 100 84 6 20 69 44 67 41 108 100 58 17 26 80 58 27 75 47 24 59 10 31 74 55 90 28 80 99 60 51 67 71 0 19 63 40 25 64 102 87
77 27 40 34 35 39 63 48 57 68 20 10 16 8 91 49 95 74 66 29 30 16 45 47 51 63 64 32 82 65 12 26 66 77 44 57 38 45 72 71 71 37 75 66 21 79 37 58 60 44 66 25 25 35 50 52 67 11 32 45 96 66 16 6 56 48 52 54 101 91 39 13 8 63 69 41 74 40 14 45 12 43 59 67 83 14 77 94 54 60 73 57 19 0 46 29 15 75 94 69
49 25 7 27 11 62 57 52 40 76 53 52 49 49 71 71 69 85 22 40 31 41 47 69 26 48 73 48 47 88 44 22 26 33 45 22 70 52 66 95 38 73 56 24 40 37 50 42 33 57 58 67 29 40 14 6 60 55 19 4 76 21 61 49 24 63 10 82 73 61 19 57 39 17 89 74 69 36 40 15 53 73 18 90 59 35 64 72 43 79 83 18 63 46 0 29 39 95 67 28
49 30 22 37 22 33 38 27 28 51 46 38 23 27 64 43 66 59 43 11 3 35 22 40 23 36 48 18 54 59 35 25 40 53 21 31 41 26 48 67 43 45 47 42 12 66 22 30 32 29 41 53 4 13 41 34 42 33 30 31 68 50 40 34 29 35 29 53 72 62 36 41 26 45 61 45 51 13 16 20 30 44 35 61 54 14 51 66 27 51 58 32 40 29 29 0 15 67 66 57
63 29 32 37 29 29 48 34 42 55 35 25 10 12 76 40 80 62 56 14 16 26 30 37 38 48 51 18 69 56 25 26 54 67 30 46 33 31 57 63 58 35 60 56 6 75 23 43 47 31 51 40 12 20 47 45 52 18 32 40 81 60 25 21 44 36 42 47 86 77 39 27 15 56 59 36 60 25 1 34 15 37 49 58 68 5 62 79 39 50 61 46 25 15 39 15 0 65 80 65
80 94 88 102 89 36 49 44 64 26 94 82 59 67 72 26 83 19 100 56 64 90 49 28 75 60 25 49 93 10 87 90 93 108 50 86 38 43 45 10 85 44 66 98 61 130 45 62 76 38 49 90 69 55 107 99 49 67 96 97 74 113 70 80 82 32 91 24 88 89 102 80 79 107 6 37 45 60 66 81 64 33 93 9 75 70 57 76 57 16 20 89 64 75 95 67 65 0 86 122
18 88 66 92 72 78 40 55 38 60 111 104 85 91 16 79 5 67 51 68 64 99 55 78 45 34 63 70 23 86 100 83 42 48 55 45 89 59 41 93 29 97 23 48 75 82 67 37 36 65 39 119 70 62 79 65 39 97 84 71 17 68 104 100 43 68 56 91 7 7 86 107 91 64 83 93 42 55 81 55 93 89 49 88 13 80 29 13 42 77 66 48 102 94 67 66 80 86 0 80
65 43 35 39 36 90 81 79 64 102 70 73 75 74 89 99 84 111 30 68 59 59 74 97 50 71 100 75 57 115 64 43 39 34 72 41 97 79 91 123 53 100 76 33 67 10 78 66 54 84 82 85 56 68 19 24 84 79 37 26 93 12 84 71 44 91 32 110 87 73 31 78 61 17 116 101 93 63 66 41 78 101 34 117 76 61 86 89 68 106 110 37 87 69 28 57 65 122 80 0
