0 70 48 74 54 65 31 43 23 55 93 87 69 75 24 68 20 63 35 52 47 81 41 67 27 21 56 55 13 78 83 65 26 35 41 28 77 46 36 86 12 84 16 32 59 68 53 22 18 53
70 0 23 8 16 58 68 57 55 81 29 30 38 33 90 68 90 89 47 39 33 17 52 66 43 63 77 45 70 85 21 5 50 58 51 44 61 55 77 92 60 62 73 49 34 53 50 57 52 58
48 23 0 26 6 55 51 46 36 69 50 47 42 42 69 64 68 78 26 33 24 37 40 62 23 44 67 40 47 81 40 19 28 37 39 21 62 45 62 88 38 66 53 27 33 44 43 38 31 50
74 8 26 0 21 66 74 64 61 88 31 35 45 40 95 76 94 96 48 47 40 21 59 74 48 69 85 53 73 93 25 12 53 59 58 47 69 63 84 100 64 69 79 50 41 49 57 63 57 65
54 16 6 21 0 54 55 47 40 71 43 42 39 38 74 64 74 80 32 33 24 31 42 62 28 49 69 40 54 81 34 12 34 43 41 28 61 47 65 88 44 64 58 33 31 46 43 42 37 51
65 58 55 66 54 0 38 23 43 32 59 47 23 31 69 10 76 36 73 22 31 54 24 8 49 45 27 15 75 27 51 54 68 83 25 59 11 19 42 34 65 20 55 72 25 99 14 43 53 13
31 68 51 74 55 38 0 16 17 24 83 73 50 58 31 38 38 33 54 34 35 73 19 38 31 11 25 33 43 47 72 63 46 60 19 41 49 20 10 55 37 58 18 52 42 87 29 15 28 25
43 57 46 64 47 23 16 0 22 24 68 58 34 42 47 25 54 33 56 20 24 59 5 24 31 22 21 17 53 39 59 52 50 64 7 42 34 4 23 47 44 42 33 55 28 87 13 21 33 10
23 55 36 61 40 43 17 22 0 40 74 66 47 53 36 47 38 49 38 30 26 63 19 46 15 8 39 32 32 60 64 50 30 44 18 24 54 24 27 68 23 62 19 35 37 70 30 2 12 31
55 81 69 88 71 32 24 24 40 0 89 77 53 61 47 25 57 9 77 42 48 81 29 26 53 35 5 37 67 26 80 76 69 84 31 63 40 25 19 33 60 49 40 75 49 109 32 38 52 24
93 29 50 31 43 59 83 68 74 89 0 12 36 28 110 69 112 95 75 49 48 13 64 67 67 81 84 52 96 84 11 31 78 86 64 70 57 65 91 89 85 53 93 76 41 80 57 76 76 65
87 30 47 35 42 47 73 58 66 77 12 0 25 16 101 57 105 83 73 39 40 14 55 55 61 73 73 41 91 72 10 31 74 84 54 66 45 55 81 77 80 41 85 74 31 83 46 68 70 53
69 38 42 45 39 23 50 34 47 53 36 25 0 8 80 33 85 58 65 17 23 31 32 31 46 52 48 17 76 50 28 35 63 76 32 54 24 31 58 56 65 25 64 65 11 85 22 48 53 29
75 33 42 40 38 31 58 42 53 61 28 16 8 0 87 41 91 67 67 24 28 24 39 39 50 59 56 25 80 57 21 31 66 78 39 57 30 39 66 63 70 29 71 67 16 84 30 54 58 37
24 90 69 95 74 69 31 47 36 47 110 101 80 87 0 68 11 53 59 63 61 98 48 68 46 28 50 63 35 73 99 85 50 59 48 50 80 51 28 80 36 89 17 56 71 92 60 34 38 56
68 68 64 76 64 10 38 25 47 25 69 57 33 41 68 0 76 28 80 31 40 64 29 2 55 47 21 24 79 17 62 64 74 89 30 66 15 23 40 24 70 23 56 79 35 108 21 47 59 16
20 90 68 94 74 76 38 54 38 57 112 105 85 91 11 76 0 64 54 67 64 100 54 76 46 33 60 69 27 83 101 85 46 52 54 48 88 57 38 90 32 96 21 51 75 86 66 37 37 64
63 89 78 96 80 36 33 33 49 9 95 83 58 67 53 28 64 0 86 50 56 88 38 29 62 44 11 44 76 22 86 84 78 93 39 72 43 34 27 28 69 51 48 84 56 118 39 47 61 31
35 47 26 48 32 73 54 56 38 77 75 73 65 67 59 80 54 86 0 52 43 63 52 78 25 44 76 59 28 95 66 44 9 11 50 14 82 58 63 103 23 88 47 3 55 34 60 39 26 64
52 39 33 47 33 22 34 20 30 42 49 39 17 24 63 31 67 50 52 0 9 40 16 29 30 35 38 7 59 48 39 34 48 62 15 39 30 17 43 55 49 36 47 51 8 77 11 31 37 19
47 33 24 40 24 31 35 24 26 48 48 40 23 28 61 40 64 56 43 9 0 38 19 38 23 33 45 16 53 57 38 28 40 54 18 31 39 23 45 64 42 44 45 43 12 68 19 28 30 26
81 17 37 21 31 54 73 59 63 81 13 14 31 24 98 64 100 88 63 40 38 0 55 62 54 70 77 44 83 81 4 19 65 74 54 57 54 57 82 86 73 52 82 64 32 69 49 65 64 57
41 52 40 59 42 24 19 5 19 29 64 55 32 39 48 29 54 38 52 16 19 55 0 27 27 22 27 15 51 43 54 47 46 60 1 38 35 6 27 51 41 43 33 50 24 81 12 19 30 13
67 66 62 74 62 8 38 24 46 26 67 55 31 39 68 2 76 29 78 29 38 62 27 0 54 46 21 22 78 19 59 62 73 87 28 64 14 22 40 26 68 23 56 77 33 106 19 45 57 15
27 43 23 48 28 49 31 31 15 53 67 61 46 50 46 55 46 62 25 30 23 54 27 54 0 22 52 35 30 70 56 39 19 34 26 11 59 33 41 78 20 65 31 23 35 56 35 16 9 39
21 63 44 69 49 45 11 22 8 35 81 73 52 59 28 47 33 44 44 35 33 70 22 46 22 0 36 36 33 58 71 58 35 49 21 30 56 25 20 65 25 64 12 41 42 77 33 6 17 32
56 77 67 85 69 27 25 21 39 5 84 73 48 56 50 21 60 11 76 38 45 77 27 21 52 36 0 33 68 23 75 73 69 83 28 62 35 22 22 30 61 44 42 74 45 108 28 38 51 20
55 45 40 53 40 15 33 17 32 37 52 41 17 25 63 24 69 44 59 7 16 44 15 22 35 36 33 0 63 41 43 41 54 68 15 45 24 14 40 48 53 30 48 58 12 84 5 33 41 13
13 70 47 73 54 75 43 53 32 67 96 91 76 80 35 79 27 76 28 59 53 83 51 78 30 33 68 63 0 90 85 66 21 25 50 26 86 56 49 98 11 93 28 25 65 59 62 32 23 63
78 85 81 93 81 27 47 39 60 26 84 72 50 57 73 17 83 22 95 48 57 81 43 19 70 58 23 41 90 0 78 81 88 103 44 81 28 37 45 8 82 34 65 93 52 124 38 59 72 31
83 21 40 25 34 51 72 59 64 80 11 10 28 21 99 62 101 86 66 39 38 4 54 59 56 71 75 43 85 78 0 22 68 77 54 60 51 56 81 83 75 49 82 67 31 74 48 65 65 55
65 5 19 12 12 54 63 52 50 76 31 31 35 31 85 64 85 84 44 34 28 19 47 62 39 58 73 41 66 81 22 0 47 55 46 40 58 51 72 88 56 60 68 45 30 53 45 52 48 53
26 50 28 53 34 68 46 50 30 69 78 74 63 66 50 74 46 78 9 48 40 65 46 73 19 35 69 54 21 88 68 47 0 15 44 9 78 51 55 96 14 84 38 6 52 43 54 31 18 58
35 58 37 59 43 83 60 64 44 84 86 84 76 78 59 89 52 93 11 62 54 74 60 87 34 49 83 68 25 103 77 55 15 0 59 23 92 66 68 111 25 98 50 11 65 34 69 45 32 73
41 51 39 58 41 25 19 7 18 31 64 54 32 39 48 30 54 39 50 15 18 54 1 28 26 21 28 15 50 44 54 46 44 59 0 36 36 7 28 52 40 44 33 49 23 80 12 18 29 14
28 44 21 47 28 59 41 42 24 63 70 66 54 57 50 66 48 72 14 39 31 57 38 64 11 30 62 45 26 81 60 40 9 23 36 0 69 44 50 89 17 75 36 13 43 47 46 26 13 50
77 61 62 69 61 11 49 34 54 40 57 45 24 30 80 15 88 43 82 30 39 54 35 14 59 56 35 24 86 28 51 58 78 92 36 69 0 31 53 33 76 9 67 81 30 106 24 54 64 24
46 55 45 63 47 19 20 4 24 25 65 55 31 39 51 23 57 34 58 17 23 57 6 22 33 25 22 14 56 37 56 51 51 66 7 44 31 0 27 45 47 39 36 56 25 87 9 24 35 7
36 77 62 84 65 42 10 23 27 19 91 81 58 66 28 40 38 27 63 43 45 82 27 40 41 20 22 40 49 45 81 72 55 68 28 50 53 27 0 52 44 62 21 61 51 97 36 25 37 30
86 92 88 100 88 34 55 47 68 33 89 77 56 63 80 24 90 28 103 55 64 86 51 26 78 65 30 48 98 8 83 88 96 111 52 89 33 45 52 0 90 37 72 101 59 132 45 67 80 39
12 60 38 64 44 65 37 44 23 60 85 80 65 70 36 70 32 69 23 49 42 73 41 68 20 25 61 53 11 82 75 56 14 25 40 17 76 47 44 90 0 83 25 20 54 57 52 23 12 54
84 62 66 69 64 20 58 42 62 49 53 41 25 29 89 23 96 51 88 36 44 52 43 23 65 64 44 30 93 34 49 60 84 98 44 75 9 39 62 37 83 0 75 87 34 110 31 62 71 32
16 73 53 79 58 55 18 33 19 40 93 85 64 71 17 56 21 48 47 47 45 82 33 56 31 12 42 48 28 65 82 68 38 50 33 36 67 36 21 72 25 75 0 44 54 81 45 17 23 43
32 49 27 50 33 72 52 55 35 75 76 74 65 67 56 79 51 84 3 51 43 64 50 77 23 41 74 58 25 93 67 45 6 11 49 13 81 56 61 101 20 87 44 0 54 37 58 37 24 63
59 34 33 41 31 25 42 28 37 49 41 31 11 16 71 35 75 56 55 8 12 32 24 33 35 42 45 12 65 52 31 30 52 65 23 43 30 25 51 59 54 34 54 54 0 76 17 38 42 25
68 53 44 49 46 99 87 87 70 109 80 83 85 84 92 108 86 118 34 77 68 69 81 106 56 77 108 84 59 124 74 53 43 34 80 47 106 87 97 132 57 110 81 37 76 0 86 72 60 93
53 50 43 57 43 14 29 13 30 32 57 46 22 30 60 21 66 39 60 11 19 49 12 19 35 33 28 5 62 38 48 45 54 69 12 46 24 9 36 45 52 31 45 58 17 86 0 31 40 8
22 57 38 63 42 43 15 21 2 38 76 68 48 54 34 47 37 47 39 31 28 65 19 45 16 6 38 33 32 59 65 52 31 45 18 26 54 24 25 67 23 62 17 37 38 72 31 0 13 31
18 52 31 57 37 53 28 33 12 52 76 70 53 58 38 59 37 61 26 37 30 64 30 57 9 17 51 41 23 72 65 48 18 32 29 13 64 35 37 80 12 71 23 24 42 60 40 13 0 42
53 58 50 65 51 13 25 10 31 24 65 53 29 37 56 16 64 31 64 19 26 57 13 15 39 32 20 13 63 31 55 53 58 73 14 50 24 7 30 39 54 32 43 63 25 93 8 31 42 0
