0 86 43 67 55 76 78 108 101 58 42 93 44 21 25 35 57 17 60 101 11 54 59 72 82 61 59 73 43 67 70 15 36 61 102 15 70 64 23 84 19 52 94 10 62 50 70 53 52 4
86 0 77 23 48 18 60 24 17 51 70 7 62 97 64 75 52 71 38 19 76 50 75 28 32 72 28 31 48 43 42 86 72 81 16 77 21 46 63 6 94 82 15 78 62 87 48 73 43 86
43 77 0 68 71 60 41 100 93 28 7 82 14 34 48 68 27 44 70 96 41 72 16 77 57 89 58 80 56 39 83 29 68 93 89 50 70 36 40 78 33 10 78 34 24 12 86 83 34 46
67 23 68 0 25 28 65 41 34 49 62 30 55 81 43 52 49 51 15 34 57 27 71 10 43 50 11 14 26 46 23 70 49 58 39 57 2 47 44 18 79 76 37 61 61 80 28 50 36 66
55 48 71 25 0 50 81 62 56 61 65 54 60 73 30 30 60 38 10 55 45 2 79 22 65 26 26 21 15 62 16 62 27 34 63 41 26 62 35 42 70 80 61 51 72 83 16 25 47 52
76 18 60 28 50 0 42 41 35 34 54 22 46 84 57 73 34 62 41 38 66 52 57 37 16 76 25 40 44 25 50 73 70 84 29 70 27 28 54 22 81 64 18 67 44 70 56 75 27 76
78 60 41 65 81 42 0 81 75 22 38 62 34 75 72 92 23 72 75 79 72 83 28 75 29 105 57 79 69 20 87 68 91 112 66 80 66 19 65 64 73 38 53 68 17 45 92 102 35 81
108 24 100 41 62 41 81 0 7 75 94 19 86 120 84 91 75 91 52 7 97 64 98 40 52 82 49 41 66 66 51 109 88 91 16 98 38 69 84 24 117 105 28 100 85 111 56 85 66 107
101 17 93 34 56 35 75 7 0 68 87 13 79 113 77 86 68 85 47 4 90 58 91 34 46 78 42 36 60 59 46 102 82 87 13 91 32 62 78 17 110 98 23 93 79 104 52 80 59 100
58 51 28 49 61 34 22 75 68 0 22 56 16 58 49 70 1 50 56 71 51 63 23 59 29 84 39 62 48 11 69 49 69 90 62 58 50 8 43 53 56 31 50 48 12 37 73 80 14 60
42 70 7 62 65 54 38 94 87 22 0 75 8 37 44 65 21 41 64 89 38 66 17 71 51 84 51 73 50 34 77 30 64 89 83 47 63 30 36 71 35 15 72 32 21 18 80 79 27 45
93 7 82 30 54 22 62 19 13 56 75 0 67 103 71 82 56 77 44 17 82 57 79 34 33 78 35 37 55 47 48 92 79 87 9 84 28 50 70 12 101 86 11 85 66 92 54 79 48 92
44 62 14 55 60 46 34 86 79 16 8 67 0 43 41 63 15 40 58 81 39 61 19 64 44 81 44 67 45 27 71 34 62 85 75 47 56 23 34 63 40 21 64 34 18 26 74 76 20 47
21 97 34 81 73 84 75 120 113 58 37 103 43 0 43 56 57 35 77 114 28 73 50 88 86 82 71 89 60 69 88 11 57 82 112 35 83 66 39 96 3 41 102 21 58 37 89 74 57 25
25 64 48 43 30 57 72 84 77 49 44 71 41 43 0 21 49 9 35 77 15 30 60 47 66 42 35 47 18 55 45 33 20 45 80 14 45 54 8 60 41 58 74 22 58 59 45 35 38 23
35 75 68 52 30 73 92 91 86 70 65 82 63 56 21 0 70 25 39 84 30 28 81 52 85 26 48 51 28 75 44 48 3 26 91 21 54 74 29 70 54 79 87 38 79 79 41 18 59 31
57 52 27 49 60 34 23 75 68 1 21 56 15 57 49 70 0 49 56 71 50 62 23 59 30 84 39 62 47 12 69 48 68 90 63 57 50 9 42 54 55 30 51 47 12 36 73 80 14 59
17 71 44 51 38 62 72 91 85 50 41 77 40 35 9 25 49 0 43 85 7 38 57 55 70 48 43 56 26 58 54 25 25 50 87 8 53 55 8 68 33 54 80 14 57 54 54 41 41 15
60 38 70 15 10 41 75 52 47 56 64 44 58 77 35 39 56 43 0 45 50 12 76 13 57 35 18 13 17 55 13 66 36 43 53 48 16 56 38 32 74 79 52 55 68 82 17 35 42 58
101 19 96 34 55 38 79 7 4 71 89 17 81 114 77 84 71 85 45 0 90 57 94 33 50 75 43 34 60 63 44 103 81 84 17 91 32 65 78 18 111 101 27 94 82 107 49 78 62 100
11 76 41 57 45 66 72 97 90 51 38 82 39 28 15 30 50 7 50 90 0 45 55 62 73 54 48 62 33 59 60 19 30 56 92 9 59 57 13 73 26 51 84 8 56 50 60 47 43 10
54 50 72 27 2 52 83 64 58 63 66 57 61 73 30 28 62 38 12 57 45 0 81 24 67 24 28 23 16 64 16 63 25 32 65 41 29 64 35 44 70 82 64 52 74 84 16 23 49 52
59 75 16 71 79 57 28 98 91 23 17 79 19 50 60 81 23 57 76 94 55 81 0 81 50 100 61 84 65 32 89 45 80 105 85 64 72 29 53 77 49 10 73 49 13 17 93 95 35 62
72 28 77 10 22 37 75 40 34 59 71 34 64 88 47 52 59 55 13 33 62 24 81 0 53 44 20 4 29 56 14 77 49 53 42 60 10 57 50 22 85 85 43 67 71 89 20 46 46 70
82 32 57 43 65 16 29 52 46 29 51 33 44 86 66 85 30 70 57 50 73 67 50 53 0 91 39 56 57 18 66 76 82 98 37 79 43 22 62 37 84 59 24 72 36 65 72 89 30 83
61 72 89 50 26 76 105 82 78 84 84 78 81 82 42 26 84 48 35 75 54 24 100 44 91 0 51 42 37 86 31 73 24 9 86 46 51 86 49 66 79 99 86 62 95 101 26 8 71 57
59 28 58 11 26 25 57 49 42 39 51 35 44 71 35 48 39 43 18 43 48 28 61 20 39 51 0 23 20 38 30 60 46 59 44 49 13 38 35 25 69 65 39 51 51 69 34 50 26 58
73 31 80 14 21 40 79 41 36 62 73 37 67 89 47 51 62 56 13 34 62 23 84 4 56 42 23 0 30 59 11 78 48 51 45 60 13 60 51 25 86 88 46 68 74 92 17 44 49 71
43 48 56 26 15 44 69 66 60 48 50 55 45 60 18 28 47 26 17 60 33 16 65 29 57 37 20 30 0 50 29 49 26 43 64 31 28 50 21 43 57 65 59 38 59 68 30 33 34 41
67 43 39 46 62 25 20 66 59 11 34 47 27 69 55 75 12 58 55 63 59 64 32 56 18 86 38 59 50 0 67 60 73 93 52 66 46 4 50 46 66 41 40 57 19 47 72 83 17 69
70 42 83 23 16 50 87 51 46 69 77 48 71 88 45 44 69 54 13 44 60 16 89 14 66 31 30 11 29 67 0 77 41 40 56 57 23 68 50 36 85 92 57 67 81 95 6 34 55 68
15 86 29 70 62 73 68 109 102 49 30 92 34 11 33 48 48 25 66 103 19 63 45 77 76 73 60 78 49 60 77 0 49 74 101 27 72 56 28 85 8 38 92 11 51 35 78 66 47 19
36 72 68 49 27 70 91 88 82 69 64 79 62 57 20 3 68 25 36 81 30 25 80 49 82 24 46 48 26 73 41 49 0 25 88 22 51 72 28 67 55 78 84 38 78 79 38 17 57 33
61 81 93 58 34 84 112 91 87 90 89 87 85 82 45 26 90 50 43 84 56 32 105 53 98 9 59 51 43 93 40 74 25 0 95 47 60 93 53 75 80 103 95 64 101 104 35 10 77 57
102 16 89 39 63 29 66 16 13 62 83 9 75 112 80 91 63 87 53 17 92 65 85 42 37 86 44 45 64 52 56 101 88 95 0 94 37 56 79 21 109 93 13 94 72 99 61 88 56 102
15 77 50 57 41 70 80 98 91 58 47 84 47 35 14 21 57 8 48 91 9 41 64 60 79 46 49 60 31 66 57 27 22 47 94 0 59 64 16 74 33 60 87 17 65 60 56 39 49 11
70 21 70 2 26 27 66 38 32 50 63 28 56 83 45 54 50 53 16 32 59 29 72 10 43 51 13 13 28 46 23 72 51 60 37 59 0 48 46 16 81 77 35 63 62 82 29 52 37 68
64 46 36 47 62 28 19 69 62 8 30 50 23 66 54 74 9 55 56 65 57 64 29 57 22 86 38 60 50 4 68 56 72 93 56 64 48 0 48 49 63 38 44 54 16 44 73 83 16 66
23 63 40 44 35 54 65 84 78 43 36 70 34 39 8 29 42 8 38 78 13 35 53 50 62 49 35 51 21 50 50 28 28 53 79 16 46 48 0 60 36 51 72 17 51 52 51 43 33 22
84 6 78 18 42 22 64 24 17 53 71 12 63 96 60 70 54 68 32 18 73 44 77 22 37 66 25 25 43 46 36 85 67 75 21 74 16 49 60 0 93 83 21 76 65 89 42 67 43 83
19 94 33 79 70 81 73 117 110 56 35 101 40 3 41 54 55 33 74 111 26 70 49 85 84 79 69 86 57 66 85 8 55 80 109 33 81 63 36 93 0 40 100 19 56 36 86 72 55 23
52 82 10 76 80 64 38 105 98 31 15 86 21 41 58 79 30 54 79 101 51 82 10 85 59 99 65 88 65 41 92 38 78 103 93 60 77 38 51 83 40 0 81 44 23 7 95 94 40 56
94 15 78 37 61 18 53 28 23 50 72 11 64 102 74 87 51 80 52 27 84 64 73 43 24 86 39 46 59 40 57 92 84 95 13 87 35 44 72 21 100 81 0 85 59 87 63 87 45 94
10 78 34 61 51 67 68 100 93 48 32 85 34 21 22 38 47 14 55 94 8 52 49 67 72 62 51 68 38 57 67 11 38 64 94 17 63 54 17 76 19 44 85 0 52 43 67 55 42 13
62 62 24 61 72 44 17 85 79 12 21 66 18 58 58 79 12 57 68 82 56 74 13 71 36 95 51 74 59 19 81 51 78 101 72 65 62 16 51 65 56 23 59 52 0 30 85 91 26 64
50 87 12 80 83 70 45 111 104 37 18 92 26 37 59 79 36 54 82 107 50 84 17 89 65 101 69 92 68 47 95 35 79 104 99 60 82 44 52 89 36 7 87 43 30 0 98 95 45 54
70 48 86 28 16 56 92 56 52 73 80 54 74 89 45 41 73 54 17 49 60 16 93 20 72 26 34 17 30 72 6 78 38 35 61 56 29 73 51 42 86 95 63 67 85 98 0 30 59 67
53 73 83 50 25 75 102 85 80 80 79 79 76 74 35 18 80 41 35 78 47 23 95 46 89 8 50 44 33 83 34 66 17 10 88 39 52 83 43 67 72 94 87 55 91 95 30 0 67 50
52 43 34 36 47 27 35 66 59 14 27 48 20 57 38 59 14 41 42 62 43 49 35 46 30 71 26 49 34 17 55 47 57 77 56 49 37 16 33 43 55 40 45 42 26 45 59 67 0 53
4 86 46 66 52 76 81 107 100 60 45 92 47 25 23 31 59 15 58 100 10 52 62 70 83 57 58 71 41 69 68 19 33 57 102 11 68 66 22 83 23 56 94 13 64 54 67 50 53 0
