0 38 68 118 82 76 88 87 19 107 28 80 82 40 80 101 81 36 117 48 72 19 2 47 87 27 55 67 64 29 81 34 123 36 76 71 55 122 69 92 21 37 50 104 57 96 64 59 60 79 65 45 107 61 40 87 45 97 93 53 39 115 93 104 60 16 85 90 39 73 98 22 93 61 90 52 52 97 95 114 91 20 84 33 65 67 52 14 91 56 94 73 26 42 53 21 54 94 113 72
38 0 30 80 47 58 66 61 28 69 33 49 56 2 43 66 56 33 79 38 54 25 36 23 50 27 25 33 27 15 61 5 85 29 39 40 36 85 38 54 29 5 11 67 19 58 26 20 26 45 37 20 69 40 18 56 19 59 66 15 20 77 56 70 23 24 48 52 22 36 61 22 56 31 56 26 28 62 61 76 63 29 46 14 27 30 22 25 68 20 61 42 30 20 45 27 26 58 75 45
68 30 0 50 31 62 64 55 55 40 59 33 47 28 18 46 48 56 53 55 59 52 66 34 26 51 31 18 13 43 62 34 57 48 15 35 42 58 26 26 57 31 18 39 13 32 11 9 24 31 31 32 40 41 38 45 31 29 59 15 41 48 27 52 18 54 25 23 43 12 33 50 27 32 40 31 34 42 44 47 56 55 23 38 4 14 25 54 64 19 46 35 57 36 60 53 34 36 49 36
118 80 50 0 46 86 80 70 105 20 105 60 74 77 45 40 76 100 23 94 86 103 116 82 35 101 71 58 55 91 83 84 11 96 43 62 85 18 63 27 105 81 68 28 61 27 55 59 63 50 70 80 14 82 84 56 79 21 69 65 86 4 32 46 60 103 38 31 88 49 31 100 32 67 47 77 79 41 46 9 67 105 38 88 54 52 73 104 77 64 50 61 103 84 98 103 74 36 21 70
82 47 31 46 0 41 38 27 76 49 63 62 77 45 44 19 78 57 36 49 40 72 80 62 12 74 28 48 22 53 39 52 46 74 16 16 72 43 56 22 65 52 38 53 30 19 24 34 22 4 62 59 32 72 43 15 58 34 30 35 45 46 45 23 24 66 10 39 46 40 50 70 45 23 9 60 63 14 14 39 27 76 12 61 34 19 54 71 37 28 15 14 62 62 52 74 30 12 33 67
76 58 62 86 41 0 13 19 79 89 49 94 107 56 79 49 107 40 70 28 4 75 75 80 53 82 34 78 49 52 6 60 84 86 52 28 93 78 86 62 55 63 56 93 52 59 51 59 38 37 89 77 72 95 42 30 76 74 24 55 41 86 83 46 45 62 50 78 40 73 89 75 83 30 39 81 84 46 42 78 23 80 52 71 63 48 76 70 17 45 38 28 50 78 25 79 32 50 69 95
88 66 64 80 38 13 0 10 89 86 61 97 110 64 80 41 111 53 62 41 17 85 87 87 50 91 40 81 51 62 7 69 76 94 52 29 99 70 89 59 67 71 62 90 57 54 53 63 43 35 93 83 66 101 51 24 82 71 12 60 51 81 82 36 49 73 47 76 50 75 87 85 82 35 33 87 90 39 34 72 13 90 49 79 66 50 81 81 4 50 30 28 62 85 38 88 39 44 61 99
87 61 55 70 27 19 10 0 86 76 61 88 102 59 71 31 103 53 52 42 21 82 85 81 39 87 35 73 43 59 14 64 66 89 42 22 92 60 81 48 66 66 56 80 49 44 45 55 36 25 85 77 56 94 48 14 76 60 6 53 49 70 72 27 41 71 37 66 48 66 77 81 72 29 23 80 84 29 24 61 4 87 39 75 58 41 74 79 9 43 20 20 62 79 40 85 35 34 51 91
19 28 55 105 76 79 89 86 0 93 37 62 63 30 64 94 62 43 107 53 75 4 17 28 78 8 51 51 55 27 84 23 112 17 66 67 36 112 52 81 29 25 39 89 47 86 54 46 54 73 47 28 96 42 38 84 28 84 92 42 38 103 78 98 52 19 76 76 40 58 83 6 78 58 84 34 34 90 89 102 89 1 74 17 52 58 35 10 92 48 89 69 34 24 60 2 51 86 103 54
107 69 40 20 49 89 86 76 93 0 99 41 54 68 29 50 56 95 39 91 89 90 105 66 37 87 67 42 49 83 88 74 31 81 39 63 68 37 45 28 97 70 58 8 52 32 48 49 59 53 53 66 24 64 77 62 65 16 76 55 80 16 15 57 55 93 39 17 82 34 12 87 15 65 53 62 63 49 54 25 74 92 38 76 42 47 58 93 85 57 58 62 96 70 96 90 70 43 36 51
28 33 59 105 63 49 61 61 37 99 0 82 89 34 75 81 89 8 99 20 45 34 27 53 71 43 35 66 51 18 54 31 108 50 62 49 65 106 71 78 8 36 42 98 46 80 51 50 42 59 69 50 92 70 22 64 50 86 68 44 19 103 86 82 45 18 68 82 17 68 92 35 86 40 69 57 59 76 74 99 65 39 68 38 58 53 55 27 65 42 72 51 4 49 25 38 33 75 96 78
80 49 33 60 62 94 97 88 62 41 82 0 15 48 19 74 16 81 74 83 92 61 77 33 54 54 62 17 46 64 96 51 71 47 46 68 29 75 11 49 77 46 42 34 43 57 44 36 56 64 15 35 58 24 64 77 34 43 92 41 67 57 28 82 50 70 55 31 69 22 30 57 28 64 71 28 28 71 74 62 89 61 52 47 31 47 28 66 97 50 77 69 79 38 90 59 65 64 70 10
82 56 47 74 77 107 110 102 63 54 89 15 0 56 34 89 2 90 88 93 104 63 80 36 69 55 74 29 59 71 108 58 84 46 60 81 27 89 21 64 83 53 52 46 54 71 57 48 69 78 20 39 72 21 73 91 39 57 105 52 76 70 42 96 62 75 69 45 78 36 42 60 42 76 85 32 30 86 89 76 102 62 67 52 44 61 35 69 111 62 91 82 85 41 100 61 76 79 84 12
40 2 28 77 45 56 64 59 30 68 34 48 56 0 42 64 56 34 77 37 53 27 38 24 48 29 24 32 25 16 60 7 83 30 36 38 37 83 37 52 30 7 9 65 17 56 24 18 24 43 37 21 66 40 17 54 20 57 64 13 20 75 54 68 21 26 45 51 22 35 60 25 54 29 54 26 29 59 59 74 61 31 44 16 25 28 22 27 66 18 59 40 31 21 44 29 25 55 73 45
80 43 18 45 44 79 80 71 64 29 75 19 34 42 0 55 35 73 56 72 77 62 77 37 35 58 49 13 31 58 79 47 54 52 28 52 40 58 18 31 72 43 33 25 30 38 29 25 42 46 25 37 40 37 55 59 36 25 74 31 58 42 14 63 36 67 36 14 60 7 19 59 14 50 52 33 34 52 55 45 71 64 34 48 18 31 29 65 80 37 58 52 72 41 78 62 52 45 52 26
101 66 46 40 19 49 41 31 94 50 81 74 89 64 55 0 90 74 21 64 50 91 99 79 20 93 46 63 40 72 45 71 35 92 31 32 88 29 70 26 83 70 57 56 48 19 42 51 41 22 77 77 27 87 62 19 76 36 29 53 63 41 51 8 43 85 21 46 64 53 55 89 51 40 12 77 80 4 8 31 28 95 23 79 50 37 71 89 38 46 11 30 80 80 66 93 48 10 20 80
81 56 48 76 78 107 111 103 62 56 89 16 2 56 35 90 0 90 90 93 105 62 79 36 70 54 74 30 60 71 109 58 86 45 62 82 26 91 22 66 83 53 52 49 55 73 58 49 69 79 20 38 74 20 73 92 39 59 107 52 76 72 44 98 63 74 70 47 78 38 45 59 44 77 86 31 30 87 90 78 103 61 68 51 45 62 34 68 112 62 93 83 85 41 100 60 77 80 86 12
36 33 56 100 57 40 53 53 43 95 8 81 90 34 73 74 90 0 92 12 36 39 35 55 65 48 29 65 46 19 46 32 102 54 57 42 68 100 71 73 15 37 40 95 43 74 47 48 37 53 70 52 87 72 18 57 51 81 60 42 15 98 83 74 40 24 62 79 13 66 89 40 83 34 62 59 61 69 66 94 57 44 62 41 55 48 55 33 56 38 64 44 10 51 17 43 26 69 89 78
117 79 53 23 36 70 62 52 107 39 99 74 88 77 56 21 90 92 0 84 71 104 114 88 29 104 64 67 52 88 67 84 15 101 41 51 94 8 73 27 100 82 69 47 60 21 54 61 57 40 81 85 16 92 79 40 85 31 50 65 81 25 47 26 57 101 32 43 82 57 48 101 47 59 32 84 87 24 29 15 49 108 33 91 58 49 79 104 59 60 33 49 98 89 86 105 66 24 4 82
48 38 55 94 49 28 41 42 53 91 20 83 93 37 72 64 93 12 84 0 24 49 47 61 59 57 24 66 43 27 34 38 95 63 52 33 74 92 73 67 27 42 42 92 42 67 44 48 32 45 74 57 80 77 20 47 57 77 48 42 18 93 81 64 37 35 56 76 16 66 87 50 81 27 52 63 66 60 57 87 46 54 56 48 54 44 59 44 44 35 55 35 22 57 7 53 21 61 81 81
72 54 59 86 40 4 17 21 75 89 45 92 104 53 77 50 105 36 71 24 0 71 71 77 52 78 30 75 46 48 9 56 84 82 51 26 89 79 83 62 51 59 53 91 50 59 48 56 36 36 86 73 72 92 38 31 72 73 26 52 37 86 82 47 42 58 49 76 36 71 88 71 82 28 39 78 81 47 42 78 25 76 51 67 61 46 73 66 21 42 39 27 46 74 21 75 29 50 69 93
19 25 52 103 72 75 85 82 4 90 34 61 63 27 62 91 62 39 104 49 71 0 17 27 74 9 47 49 51 23 80 20 109 18 63 63 36 109 50 78 26 21 35 87 44 82 50 43 50 70 46 26 92 42 34 80 27 81 88 39 34 100 76 95 48 16 72 73 36 56 81 3 76 54 80 33 33 86 85 99 85 5 71 14 49 55 34 7 88 44 85 65 31 23 56 4 47 82 100 53
2 36 66 116 80 75 87 85 17 105 27 77 80 38 77 99 79 35 114 47 71 17 0 44 85 25 53 65 62 27 80 31 121 34 74 69 53 120 67 90 20 35 48 102 55 94 62 56 58 78 63 43 105 59 38 86 43 95 92 51 37 113 91 102 58 14 82 88 37 71 96 20 91 60 88 50 50 95 93 112 89 18 82 30 63 65 50 12 90 54 92 71 25 39 52 19 52 92 111 70
47 23 34 82 62 80 87 81 28 66 53 33 36 24 37 79 36 55 88 61 77 27 44 0 60 21 47 24 40 36 83 23 89 15 49 59 13 91 23 60 47 18 25 62 32 66 38 28 45 61 18 4 74 17 41 74 4 61 86 27 43 78 52 85 40 39 59 51 45 33 56 24 52 52 71 5 6 75 76 80 83 28 57 15 30 43 9 33 89 37 77 61 50 5 68 26 48 70 83 26
87 50 26 35 12 53 50 39 78 37 71 54 69 48 35 20 70 65 29 59 52 74 85 60 0 75 36 42 23 59 51 55 37 73 12 27 68 35 50 9 72 53 39 41 31 9 24 33 29 16 56 57 22 67 50 26 57 21 41 36 52 34 33 28 28 71 3 28 54 33 38 72 33 32 18 57 60 17 20 29 38 78 4 62 30 20 51 74 48 31 23 26 70 61 62 76 39 10 26 60
27 27 51 101 74 82 91 87 8 87 43 54 55 29 58 93 54 48 104 57 78 9 25 21 75 0 52 45 53 30 86 23 108 9 64 67 28 109 45 78 35 23 36 83 45 83 51 43 53 72 39 21 92 34 40 83 22 80 93 40 41 98 72 97 50 25 73 71 43 53 77 8 72 58 83 27 27 88 88 98 90 7 72 14 47 56 29 17 94 47 88 69 40 17 64 6 52 84 100 46
55 25 31 71 28 34 40 35 51 67 35 62 74 24 49 46 74 29 64 24 30 47 53 47 36 52 0 45 19 26 36 29 73 54 29 16 59 71 53 44 37 31 23 68 20 45 20 26 8 25 55 43 58 62 15 33 42 53 41 22 17 70 57 49 13 39 33 52 18 43 63 46 57 6 35 48 51 42 40 65 38 52 33 39 32 20 42 45 42 13 39 18 34 45 29 50 3 40 61 62
67 33 18 58 48 78 81 73 51 42 66 17 29 32 13 63 30 65 67 66 75 49 65 24 42 45 45 0 30 48 79 36 67 39 33 52 27 70 8 40 62 31 25 38 26 47 28 19 40 49 14 24 52 25 48 63 23 38 77 24 50 55 28 70 33 56 42 27 53 10 32 46 28 48 57 19 21 59 61 58 74 51 40 35 15 32 16 53 82 33 64 53 63 28 73 49 48 53 63 18
64 27 13 55 22 49 51 43 55 49 51 46 59 25 31 40 60 46 52 43 46 51 62 40 23 53 19 30 0 36 50 32 59 52 12 22 50 58 38 28 50 30 17 49 8 31 2 12 11 21 42 37 43 51 29 34 36 35 47 13 32 53 38 45 6 49 21 33 34 25 44 49 38 19 31 39 42 36 36 50 44 55 19 39 15 3 33 51 52 9 37 23 49 40 48 53 22 31 49 48
29 15 43 91 53 52 62 59 27 83 18 64 71 16 58 72 71 19 88 27 48 23 27 36 59 30 26 48 36 0 56 13 95 36 48 42 48 94 53 64 15 18 25 81 30 67 36 34 31 50 51 33 79 53 11 59 32 71 66 28 11 89 70 75 31 13 56 66 12 51 75 23 70 32 60 39 42 67 66 86 63 28 55 22 41 39 36 19 65 28 65 44 15 32 34 27 25 65 84 59
81 61 62 83 39 6 7 14 84 88 54 96 108 60 79 45 109 46 67 34 9 80 80 83 51 86 36 79 50 56 0 64 80 89 52 28 95 75 87 60 60 66 59 92 54 57 52 60 40 35 90 80 69 98 46 27 79 72 18 57 45 84 83 41 46 67 49 77 44 74 88 79 83 32 36 84 87 43 38 75 18 85 50 75 64 48 78 75 11 47 34 27 56 81 30 83 35 47 65 97
34 5 34 84 52 60 69 64 23 74 31 51 58 7 47 71 58 32 84 38 56 20 31 23 55 23 29 36 32 13 64 0 90 26 44 44 36 90 40 59 26 5 16 71 24 63 31 25 31 50 38 20 74 40 19 61 19 63 70 20 21 82 60 75 28 20 52 57 23 40 66 18 60 35 60 26 29 66 66 81 67 24 51 11 31 35 24 20 71 25 66 46 28 19 45 22 29 63 80 47
123 85 57 11 46 84 76 66 112 31 108 71 84 83 54 35 86 102 15 95 84 109 121 89 37 108 73 67 59 95 80 90 0 104 47 62 94 8 72 31 109 87 74 39 66 28 59 65 66 50 80 88 16 91 87 53 87 29 64 70 89 15 42 40 64 108 40 41 90 57 42 106 42 68 45 85 88 37 42 9 63 112 40 95 60 56 81 110 73 67 46 60 107 92 98 110 76 34 15 80
36 29 48 96 74 86 94 89 17 81 50 47 46 30 52 92 45 54 101 63 82 18 34 15 73 9 54 39 52 36 89 26 104 0 61 68 19 106 37 74 43 23 35 76 43 80 50 41 54 72 31 16 88 25 44 84 17 75 95 38 46 93 66 97 50 33 71 65 48 48 71 16 66 60 82 20 19 87 88 95 92 16 70 15 44 55 24 25 96 47 88 70 47 12 70 15 55 82 97 38
76 39 15 43 16 52 52 42 66 39 62 46 60 36 28 31 62 57 41 52 51 63 74 49 12 64 29 33 12 48 52 44 47 61 0 25 57 46 40 16 62 42 28 41 19 19 13 21 21 18 46 46 31 57 41 31 45 24 45 24 43 41 31 37 17 61 10 25 45 24 37 61 31 26 25 46 49 27 29 38 43 67 8 50 19 9 40 63 52 21 31 25 60 49 57 64 32 21 37 51
71 40 35 62 16 28 29 22 67 63 49 68 81 38 52 32 82 42 51 33 26 63 69 59 27 67 16 52 22 42 28 44 62 68 25 0 71 59 60 36 52 45 34 65 28 35 24 34 14 12 64 56 48 72 31 17 55 47 27 32 32 61 56 33 20 55 24 50 32 46 61 62 56 9 20 59 62 28 25 55 24 68 25 54 37 21 53 60 30 22 23 2 48 58 36 66 17 28 48 70
55 36 42 85 72 93 99 92 36 68 65 29 27 37 40 88 26 68 94 74 89 36 53 13 68 28 59 27 50 48 95 36 94 19 57 71 0 97 22 67 59 31 37 62 43 74 48 38 56 71 15 16 79 6 54 84 17 65 97 39 56 81 53 94 51 50 67 54 58 37 57 33 53 64 81 12 9 84 85 85 94 35 65 27 38 53 18 43 100 49 87 72 62 17 81 34 61 78 90 20
122 85 58 18 43 78 70 60 112 37 106 75 89 83 58 29 91 100 8 92 79 109 120 91 35 109 71 70 58 94 75 90 8 106 46 59 97 0 76 31 107 88 74 45 66 27 59 66 64 47 83 89 18 94 85 48 89 32 58 70 87 22 47 34 63 107 38 44 88 59 47 107 47 66 40 88 90 32 37 13 57 113 39 96 62 55 82 109 67 66 41 57 105 93 94 110 73 31 10 84
69 38 26 63 56 86 89 81 52 45 71 11 21 37 18 70 22 71 73 73 83 50 67 23 50 45 53 8 38 53 87 40 72 37 40 60 22 76 0 47 66 35 31 40 33 54 36 27 47 57 8 24 58 19 53 71 24 43 85 31 56 59 31 77 41 59 50 32 59 17 34 47 31 55 65 18 19 67 69 63 82 51 48 37 23 40 17 55 90 40 72 61 68 28 80 49 55 60 69 10
92 54 26 27 22 62 59 48 81 28 78 49 64 52 31 26 66 73 27 67 62 78 90 60 9 78 44 40 28 64 60 59 31 74 16 36 67 31 47 0 78 56 43 32 35 7 28 35 36 25 54 58 15 65 56 35 57 12 49 39 59 26 26 33 33 77 12 20 60 30 30 75 26 40 26 57 60 23 28 22 47 81 11 64 30 25 52 79 57 37 31 35 76 62 71 79 46 16 23 56
21 29 57 105 65 55 67 66 29 97 8 77 83 30 72 83 83 15 100 27 51 26 20 47 72 35 37 62 50 15 60 26 109 43 62 52 59 107 66 78 0 31 39 96 45 80 50 48 43 62 64 44 93 64 22 68 44 85 73 42 20 103 84 85 45 10 69 80 19 65 90 28 84 43 71 51 53 79 77 100 70 31 68 32 55 53 49 19 70 41 75 54 5 42 32 30 35 77 97 72
37 5 31 81 52 63 71 66 25 70 36 46 53 7 43 70 53 37 82 42 59 21 35 18 53 23 31 31 30 18 66 5 87 23 42 45 31 88 35 56 31 0 14 67 22 61 29 22 31 50 33 15 71 35 23 61 14 60 71 17 25 79 56 75 28 25 51 53 27 36 61 19 56 36 60 21 24 66 66 78 68 25 50 9 28 34 18 23 73 24 66 47 33 15 50 23 32 61 79 41
50 11 18 68 38 56 62 56 39 58 42 42 52 9 33 57 52 40 69 42 53 35 48 25 39 36 23 25 17 25 59 16 74 35 28 34 37 74 31 43 39 14 0 56 9 47 15 9 20 37 33 22 57 39 23 49 21 47 61 4 25 66 45 62 15 35 37 41 28 26 51 33 45 27 47 25 28 52 52 64 58 39 36 22 16 20 19 36 64 12 53 36 39 24 48 37 25 48 65 40
104 67 39 28 53 93 90 80 89 8 98 34 46 65 25 56 49 95 47 92 91 87 102 62 41 83 68 38 49 81 92 71 39 76 41 65 62 45 40 32 96 67 56 0 52 38 48 48 60 56 47 61 31 58 77 67 61 20 81 54 80 24 11 64 55 91 43 16 82 31 6 84 11 66 58 57 58 55 59 33 79 88 41 72 41 48 54 90 89 57 63 65 95 66 97 87 71 48 44 44
57 19 13 61 30 52 57 49 47 52 46 43 54 17 30 48 55 43 60 42 50 44 55 32 31 45 20 26 8 30 54 24 66 43 19 28 43 66 33 35 45 22 9 52 0 39 7 6 14 29 36 29 49 44 25 42 28 40 54 5 28 59 40 53 8 42 29 36 30 24 46 41 40 22 39 31 34 44 44 57 51 47 27 31 12 11 25 44 58 7 45 29 44 32 48 45 22 39 56 43
96 58 32 27 19 59 54 44 86 32 80 57 71 56 38 19 73 74 21 67 59 82 94 66 9 83 45 47 31 67 57 63 28 80 19 35 74 27 54 7 80 61 47 38 39 0 32 40 37 23 61 64 13 72 59 30 63 18 44 44 61 27 32 26 36 80 12 27 62 37 36 80 32 40 21 63 66 17 22 20 42 86 12 69 36 28 58 83 53 40 26 33 78 68 70 84 47 10 17 64
64 26 11 55 24 51 53 45 54 48 51 44 57 24 29 42 58 47 54 44 48 50 62 38 24 51 20 28 2 36 52 31 59 50 13 24 48 59 36 28 50 29 15 48 7 32 0 10 13 23 40 35 43 49 29 36 34 35 50 12 32 53 37 47 7 48 22 32 34 23 43 48 37 21 33 36 40 37 38 50 47 54 21 38 13 5 30 50 54 9 39 25 49 38 50 52 23 33 50 46
59 20 9 59 34 59 63 55 46 49 50 36 48 18 25 51 49 48 61 48 56 43 56 28 33 43 26 19 12 34 60 25 65 41 21 34 38 66 27 35 48 22 9 48 6 40 10 0 21 34 30 25 49 39 30 47 24 38 60 6 33 57 36 57 14 44 31 32 35 18 42 41 36 28 43 26 29 47 48 56 56 47 29 30 7 15 20 45 64 14 49 35 48 29 54 44 29 42 57 37
60 26 24 63 22 38 43 36 54 59 42 56 69 24 42 41 69 37 57 32 36 50 58 45 29 53 8 40 11 31 40 31 66 54 21 14 56 64 47 36 43 31 20 60 14 37 13 21 0 20 51 41 50 58 21 30 41 45 41 18 24 62 49 45 6 44 26 44 25 36 55 48 49 8 30 45 48 37 35 57 38 55 26 40 25 12 39 48 44 8 35 16 41 44 37 52 11 34 54 57
79 45 31 50 4 37 35 25 73 53 59 64 78 43 46 22 79 53 40 45 36 70 78 61 16 72 25 49 21 50 35 50 50 72 18 12 71 47 57 25 62 50 37 56 29 23 23 34 20 0 62 58 36 72 40 13 57 37 28 34 42 50 48 25 22 63 13 42 42 42 53 68 48 19 10 60 63 17 16 43 25 74 15 59 35 18 54 68 34 25 16 10 59 61 47 72 27 16 37 68
65 37 31 70 62 89 93 85 47 53 69 15 20 37 25 77 20 70 81 74 86 46 63 18 56 39 55 14 42 51 90 38 80 31 46 64 15 83 8 54 64 33 33 47 36 61 40 30 51 62 0 20 65 11 54 76 20 51 89 33 56 67 38 84 44 56 56 39 59 24 42 43 38 58 71 13 13 73 75 71 86 46 54 33 28 44 15 51 94 43 77 65 66 23 80 44 57 67 77 8
45 20 32 80 59 77 83 77 28 66 50 35 39 21 37 77 38 52 85 57 73 26 43 4 57 21 43 24 37 33 80 20 88 16 46 56 16 89 24 58 44 15 22 61 29 64 35 25 41 58 20 0 72 20 37 71 1 59 82 24 40 77 51 82 36 36 56 50 42 32 56 23 51 48 68 7 9 72 73 78 79 27 54 13 28 40 8 31 85 34 74 57 47 4 64 25 45 67 81 28
107 69 40 14 32 72 66 56 96 24 92 58 72 66 40 27 74 87 16 80 72 92 105 74 22 92 58 52 43 79 69 74 16 88 31 48 79 18 58 15 93 71 57 31 49 13 43 49 50 36 65 72 0 77 71 42 71 15 55 54 74 14 30 34 48 91 25 27 75 42 32 90 30 53 33 70 72 27 32 7 54 96 25 79 44 40 65 93 64 51 36 47 91 76 84 94 60 22 13 66
61 40 41 82 72 95 101 94 42 64 70 24 21 40 37 87 20 72 92 77 92 42 59 17 67 34 62 25 51 53 98 40 91 25 57 72 6 94 19 65 64 35 39 58 44 72 49 39 58 72 11 20 77 0 57 85 21 62 98 40 60 78 50 94 52 55 66 51 62 35 52 39 50 66 81 14 11 84 85 82 95 41 64 32 38 53 19 49 102 51 87 73 67 22 85 40 63 77 88 14
40 18 38 84 43 42 51 48 38 77 22 64 73 17 55 62 73 18 79 20 38 34 38 41 50 40 15 48 29 11 46 19 87 44 41 31 54 85 53 56 22 23 23 77 25 59 29 30 21 40 54 37 71 57 0 48 37 64 54 24 3 82 65 64 23 24 47 61 5 48 71 33 65 21 50 43 46 57 55 78 52 39 47 30 37 31 39 30 54 20 54 33 20 38 27 37 14 55 75 62
87 56 45 56 15 30 24 14 84 62 64 77 91 54 59 19 92 57 40 47 31 80 86 74 26 83 33 63 34 59 27 61 53 84 31 17 84 48 71 35 68 61 49 67 42 30 36 47 30 13 76 71 42 85 48 0 70 47 15 46 49 57 59 18 34 71 24 53 49 55 64 78 59 26 9 73 76 16 11 48 12 84 26 70 48 32 67 77 22 37 8 15 64 73 47 82 34 20 38 81
45 19 31 79 58 76 82 76 28 65 50 34 39 20 36 76 39 51 85 57 72 27 43 4 57 22 42 23 36 32 79 19 87 17 45 55 17 89 24 57 44 14 21 61 28 63 34 24 41 57 20 1 71 21 37 70 0 58 81 23 39 76 50 81 36 36 55 49 41 31 55 23 50 47 67 7 9 71 72 78 78 28 53 13 27 39 7 31 84 33 73 57 46 5 64 26 44 66 80 28
97 59 29 21 34 74 71 60 84 16 86 43 57 57 25 36 59 81 31 77 73 81 95 61 21 80 53 38 35 71 72 63 29 75 24 47 65 32 43 12 85 60 47 20 40 18 35 38 45 37 51 59 15 62 64 47 58 0 61 44 67 18 16 44 41 82 24 12 69 28 19 78 16 50 38 56 59 35 39 20 59 84 22 67 33 33 52 83 69 44 43 47 84 63 81 82 56 28 27 51
93 66 59 69 30 24 12 6 92 76 68 92 105 64 74 29 107 60 50 48 26 88 92 86 41 93 41 77 47 66 18 70 64 95 45 27 97 58 85 49 73 71 61 81 54 44 50 60 41 28 89 82 55 98 54 15 81 61 0 59 55 70 74 24 46 78 39 68 54 69 79 87 74 35 23 85 89 28 23 60 3 93 41 80 62 45 79 85 9 49 19 25 68 85 46 91 41 34 49 95
53 15 15 65 35 55 60 53 42 55 44 41 52 13 31 53 52 42 65 42 52 39 51 27 36 40 22 24 13 28 57 20 70 38 24 32 39 70 31 39 42 17 4 54 5 44 12 6 18 34 33 24 54 40 24 46 23 44 59 0 27 62 42 58 12 39 34 38 29 24 48 36 42 25 44 27 30 49 49 61 55 43 32 26 13 16 21 40 62 10 50 34 42 27 49 40 24 44 61 40
39 20 41 86 45 41 51 49 38 80 19 67 76 20 58 63 76 15 81 18 37 34 37 43 52 41 17 50 32 11 45 21 89 46 43 32 56 87 56 59 20 25 25 80 28 61 32 33 24 42 56 40 74 60 3 49 39 67 55 27 0 85 68 66 26 23 49 64 2 51 74 34 68 23 52 46 48 59 57 81 52 39 49 31 40 34 42 30 54 23 56 34 17 40 25 38 15 57 77 64
115 77 48 4 46 86 81 70 103 16 103 57 70 75 42 41 72 98 25 93 86 100 113 78 34 98 70 55 53 89 84 82 15 93 41 61 81 22 59 26 103 79 66 24 59 27 53 57 62 50 67 77 14 78 82 57 76 18 70 62 85 0 28 48 59 101 37 28 86 45 27 97 28 66 48 74 76 41 47 11 68 103 37 86 51 51 69 102 78 62 51 60 102 81 97 100 72 36 23 66
93 56 27 32 45 83 82 72 78 15 86 28 42 54 14 51 44 83 47 81 82 76 91 52 33 72 57 28 38 70 83 60 42 66 31 56 53 47 31 26 84 56 45 11 40 32 37 36 49 48 38 51 30 50 65 59 50 16 74 42 68 28 0 59 44 80 35 6 70 20 6 73 0 56 51 47 48 49 53 34 71 78 33 61 29 37 43 79 81 46 57 56 84 55 86 76 60 42 43 37
104 70 52 46 23 46 36 27 98 57 82 82 96 68 63 8 98 74 26 64 47 95 102 85 28 97 49 70 45 75 41 75 40 97 37 33 94 34 77 33 85 75 62 64 53 26 47 57 45 25 84 82 34 94 64 18 81 44 24 58 66 48 59 0 47 88 28 54 66 60 62 93 59 43 15 83 86 10 9 38 24 99 30 84 56 42 77 93 33 50 10 31 82 85 65 97 50 17 26 87
60 23 18 60 24 45 49 41 52 55 45 50 62 21 36 43 63 40 57 37 42 48 58 40 28 50 13 33 6 31 46 28 64 50 17 20 51 63 41 33 45 28 15 55 8 36 7 14 6 22 44 36 48 52 23 34 36 41 46 12 26 59 44 47 0 44 25 39 28 30 50 46 44 14 33 39 42 38 38 55 43 52 24 37 19 8 33 47 50 4 38 21 43 39 43 50 16 34 53 51
16 24 54 103 66 62 73 71 19 93 18 70 75 26 67 85 74 24 101 35 58 16 14 39 71 25 39 56 49 13 67 20 108 33 61 55 50 107 59 77 10 25 35 91 42 80 48 44 44 63 56 36 91 55 24 71 36 82 78 39 23 101 80 88 44 0 69 76 23 60 85 18 80 45 73 43 45 80 79 99 75 21 68 23 51 52 42 9 76 40 78 57 14 34 41 20 38 78 97 64
85 48 25 38 10 50 47 37 76 39 68 55 69 45 36 21 70 62 32 56 49 72 82 59 3 73 33 42 21 56 49 52 40 71 10 24 67 38 50 12 69 51 37 43 29 12 22 31 26 13 56 56 25 66 47 24 55 24 39 34 49 37 35 28 25 69 0 29 50 33 40 70 35 29 16 56 59 17 20 32 36 76 2 60 29 17 50 72 46 28 22 23 67 59 59 74 36 11 28 60
90 52 23 31 39 78 76 66 76 17 82 31 45 51 14 46 47 79 43 76 76 73 88 51 28 71 52 27 33 66 77 57 41 65 25 50 54 44 32 20 80 53 41 16 36 27 32 32 44 42 39 50 27 51 61 53 49 12 68 38 64 28 6 54 39 76 29 0 66 18 11 70 6 51 45 46 48 44 48 32 66 76 27 59 25 32 42 76 75 41 51 50 80 54 81 74 55 36 39 39
39 22 43 88 46 40 50 48 40 82 17 69 78 22 60 64 78 13 82 16 36 36 37 45 54 43 18 53 34 12 44 23 90 48 45 32 58 88 59 60 19 27 28 82 30 62 34 35 25 42 59 42 75 62 5 49 41 69 54 29 2 86 70 66 28 23 50 66 0 53 76 35 70 23 52 48 51 60 57 82 52 41 50 33 42 35 44 31 53 25 56 35 16 42 23 39 16 58 78 67
73 36 12 49 40 73 75 66 58 34 68 22 36 35 7 53 38 66 57 66 71 56 71 33 33 53 43 10 25 51 74 40 57 48 24 46 37 59 17 30 65 36 26 31 24 37 23 18 36 42 24 32 42 35 48 55 31 28 69 24 51 45 20 60 30 60 33 18 53 0 25 53 20 43 49 29 31 50 53 48 66 58 31 42 11 26 24 59 75 30 55 47 65 36 72 56 46 43 53 27
98 61 33 31 50 89 87 77 83 12 92 30 42 60 19 55 45 89 48 87 88 81 96 56 38 77 63 32 44 75 88 66 42 71 37 61 57 47 34 30 90 61 51 6 46 36 43 42 55 53 42 56 32 52 71 64 55 19 79 48 74 27 6 62 50 85 40 11 76 25 0 78 6 62 56 51 52 53 57 34 76 83 38 66 35 43 48 84 86 52 61 61 90 60 92 81 66 46 45 39
22 22 50 100 70 75 85 81 6 87 35 57 60 25 59 89 59 40 101 50 71 3 20 24 72 8 46 46 49 23 79 18 106 16 61 62 33 107 47 75 28 19 33 84 41 80 48 41 48 68 43 23 90 39 33 78 23 78 87 36 34 97 73 93 46 18 70 70 35 53 78 0 73 52 78 30 30 84 84 97 84 6 68 11 46 52 30 9 87 42 83 64 32 19 56 4 46 80 97 50
93 56 27 32 45 83 82 72 78 15 86 28 42 54 14 51 44 83 47 81 82 76 91 52 33 72 57 28 38 70 83 60 42 66 31 56 53 47 31 26 84 56 45 11 40 32 37 36 49 48 38 51 30 50 65 59 50 16 74 42 68 28 0 59 44 80 35 6 70 20 6 73 0 56 51 47 48 49 53 34 71 78 33 61 29 37 43 79 81 46 57 56 84 55 86 76 60 42 43 37
61 31 32 67 23 30 35 29 58 65 40 64 76 29 50 40 77 34 59 27 28 54 60 52 32 58 6 48 19 32 32 35 68 60 26 9 64 66 55 40 43 36 27 66 22 40 21 28 8 19 58 48 53 66 21 26 47 50 35 25 23 66 56 43 14 45 29 51 23 43 62 52 56 0 29 52 55 36 34 61 32 58 29 45 33 19 46 51 37 15 33 12 40 50 31 56 8 35 55 65
90 56 40 47 9 39 33 23 84 53 69 71 85 54 52 12 86 62 32 52 39 80 88 71 18 83 35 57 31 60 36 60 45 82 25 20 81 40 65 26 71 60 47 58 39 21 33 43 30 10 71 68 33 81 50 9 67 38 23 44 52 48 51 15 33 73 16 45 52 49 56 78 51 29 0 69 72 8 5 39 21 84 19 69 43 28 63 78 31 36 6 18 68 71 54 82 36 11 30 75
52 26 31 77 60 81 87 80 34 62 57 28 32 26 33 77 31 59 84 63 78 33 50 5 57 27 48 19 39 39 84 26 85 20 46 59 12 88 18 57 51 21 25 57 31 63 36 26 45 60 13 7 70 14 43 73 7 56 85 27 46 74 47 83 39 43 56 46 48 29 51 30 47 52 69 0 3 73 74 76 82 33 54 20 27 41 6 38 89 37 76 60 54 10 70 32 49 67 80 21
52 28 34 79 63 84 90 84 34 63 59 28 30 29 34 80 30 61 87 66 81 33 50 6 60 27 51 21 42 42 87 29 88 19 49 62 9 90 19 60 53 24 28 58 34 66 40 29 48 63 13 9 72 11 46 76 9 59 89 30 48 76 48 86 42 45 59 48 51 31 52 30 48 55 72 3 0 76 77 78 85 33 57 21 30 45 9 39 92 40 79 64 56 11 73 32 52 70 83 20
97 62 42 41 14 46 39 29 90 49 76 71 86 59 52 4 87 69 24 60 47 86 95 75 17 88 42 59 36 67 43 66 37 87 27 28 84 32 67 23 79 66 52 55 44 17 37 47 37 17 73 72 27 84 57 16 71 35 28 49 59 41 49 10 38 80 17 44 60 50 53 84 49 36 8 73 76 0 5 32 26 90 19 75 46 33 67 85 37 42 9 26 76 76 62 88 44 7 22 77
95 61 44 46 14 42 34 24 89 54 74 74 89 59 55 8 90 66 29 57 42 85 93 76 20 88 40 61 36 66 38 66 42 88 29 25 85 37 69 28 77 66 52 59 44 22 38 48 35 16 75 73 32 85 55 11 72 39 23 49 57 47 53 9 38 79 20 48 57 53 57 84 53 34 5 74 77 5 0 37 21 90 22 75 48 33 68 84 32 41 4 23 73 76 58 88 42 11 27 79
114 76 47 9 39 78 72 61 102 25 99 62 76 74 45 31 78 94 15 87 78 99 112 80 29 98 65 58 50 86 75 81 9 95 38 55 85 13 63 22 100 78 64 33 57 20 50 56 57 43 71 78 7 82 78 48 78 20 60 61 81 11 34 38 55 99 32 32 82 48 34 97 34 61 39 76 78 32 37 0 59 103 32 86 51 47 71 100 69 59 41 53 98 82 91 100 68 28 13 71
91 63 56 67 27 23 13 4 89 74 65 89 102 61 71 28 103 57 49 46 25 85 89 83 38 90 38 74 44 63 18 67 63 92 43 24 94 57 82 47 70 68 58 79 51 42 47 56 38 25 86 79 54 95 52 12 78 59 3 55 52 68 71 24 43 75 36 66 52 66 76 84 71 32 21 82 85 26 21 59 0 90 38 77 59 42 76 82 10 45 17 22 66 82 45 88 38 32 48 92
20 29 55 105 76 80 90 87 1 92 39 61 62 31 64 95 61 44 108 54 76 5 18 28 78 7 52 51 55 28 85 24 112 16 67 68 35 113 51 81 31 25 39 88 47 86 54 47 55 74 46 27 96 41 39 84 28 84 93 43 39 103 78 99 52 21 76 76 41 58 83 6 78 58 84 33 33 90 90 103 90 0 75 17 52 59 35 11 93 49 90 70 35 23 61 2 52 86 104 53
84 46 23 38 12 52 49 39 74 38 68 52 67 44 34 23 68 62 33 56 51 71 82 57 4 72 33 40 19 55 50 51 40 70 8 25 65 39 48 11 68 50 36 41 27 12 21 29 26 15 54 54 25 64 47 26 53 22 41 32 49 37 33 30 24 68 2 27 50 31 38 68 33 29 19 54 57 19 22 32 38 75 0 58 27 16 48 71 48 28 25 24 66 58 60 72 36 13 29 58
33 14 38 88 61 71 79 75 17 76 38 47 52 16 48 79 51 41 91 48 67 14 30 15 62 14 39 35 39 22 75 11 95 15 50 54 27 96 37 64 32 9 22 72 31 69 38 30 40 59 33 13 79 32 30 70 13 67 80 26 31 86 61 84 37 23 60 59 33 42 66 11 61 45 69 20 21 75 75 86 77 17 58 0 35 42 20 18 82 33 75 56 35 10 55 15 40 70 87 41
65 27 4 54 34 63 66 58 52 42 58 31 44 25 18 50 45 55 58 54 61 49 63 30 30 47 32 15 15 41 64 31 60 44 19 37 38 62 23 30 55 28 16 41 12 36 13 7 25 35 28 28 44 38 37 48 27 33 62 13 40 51 29 56 19 51 29 25 42 11 35 46 29 33 43 27 30 46 48 51 59 52 27 35 0 17 21 51 67 19 49 38 55 32 60 50 35 40 53 33
67 30 14 52 19 48 50 41 58 47 53 47 61 28 31 37 62 48 49 44 46 55 65 43 20 56 20 32 3 39 48 35 56 55 9 21 53 55 40 25 53 34 20 48 11 28 5 15 12 18 44 40 40 53 31 32 39 33 45 16 34 51 37 42 8 52 17 32 35 26 43 52 37 19 28 41 45 33 33 47 42 59 16 42 17 0 35 54 50 11 34 21 51 43 49 56 23 28 46 50
52 22 25 73 54 76 81 74 35 58 55 28 35 22 29 71 34 55 79 59 73 34 50 9 51 29 42 16 33 36 78 24 81 24 40 53 18 82 17 52 49 18 19 54 25 58 30 20 39 54 15 8 65 19 39 67 7 52 79 21 42 69 43 77 33 42 50 42 44 24 48 30 43 46 63 6 9 67 68 71 76 35 48 20 21 35 0 38 83 31 69 54 51 12 66 33 44 61 75 23
14 25 54 104 71 70 81 79 10 93 27 66 69 27 65 89 68 33 104 44 66 7 12 33 74 17 45 53 51 19 75 20 110 25 63 60 43 109 55 79 19 23 36 90 44 83 50 45 48 68 51 31 93 49 30 77 31 83 85 40 30 102 79 93 47 9 72 76 31 59 84 9 79 51 78 38 39 85 84 100 82 11 71 18 51 54 38 0 84 44 83 63 24 28 50 11 44 82 100 59
91 68 64 77 37 17 4 9 92 85 65 97 111 66 80 38 112 56 59 44 21 88 90 89 48 94 42 82 52 65 11 71 73 96 52 30 100 67 90 57 70 73 64 89 58 53 54 64 44 34 94 85 64 102 54 22 84 69 9 62 54 78 81 33 50 76 46 75 53 75 86 87 81 37 31 89 92 37 32 69 10 93 48 82 67 50 83 84 0 51 28 29 66 87 42 91 42 42 58 100
56 20 19 64 28 45 50 43 48 57 42 50 62 18 37 46 62 38 60 35 42 44 54 37 31 47 13 33 9 28 47 25 67 47 21 22 49 66 40 37 41 24 12 57 7 40 9 14 8 25 43 34 51 51 20 37 33 44 49 10 23 62 46 50 4 40 28 41 25 30 52 42 46 15 36 37 40 42 41 59 45 49 28 33 19 11 31 44 51 0 41 24 40 36 41 46 15 38 57 50
94 61 46 50 15 38 30 20 89 58 72 77 91 59 58 11 93 64 33 55 39 85 92 77 23 88 39 64 37 65 34 66 46 88 31 23 87 41 72 31 75 66 53 63 45 26 39 49 35 16 77 74 36 87 54 8 73 43 19 50 56 51 57 10 38 78 22 51 56 55 61 83 57 33 6 76 79 9 4 41 17 90 25 75 49 34 69 83 28 41 0 21 72 77 55 88 40 15 31 82
73 42 35 61 14 28 28 20 69 62 51 69 82 40 52 30 83 44 49 35 27 65 71 61 26 69 18 53 23 44 27 46 60 70 25 2 72 57 61 35 54 47 36 65 29 33 25 35 16 10 65 57 47 73 33 15 57 47 25 34 34 60 56 31 21 57 23 50 35 47 61 64 56 12 18 60 64 26 23 53 22 70 24 56 38 21 54 63 29 24 21 0 51 60 37 68 19 26 47 71
26 30 57 103 62 50 62 62 34 96 4 79 85 31 72 80 85 10 98 22 46 31 25 50 70 40 34 63 49 15 56 28 107 47 60 48 62 105 68 76 5 33 39 95 44 78 49 48 41 59 66 47 91 67 20 64 46 84 68 42 17 102 84 82 43 14 67 80 16 65 90 32 84 40 68 54 56 76 73 98 66 35 66 35 55 51 51 24 66 40 72 51 0 45 27 34 32 74 94 74
42 20 36 84 62 78 85 79 24 70 49 38 41 21 41 80 41 51 89 57 74 23 39 5 61 17 45 28 40 32 81 19 92 12 49 58 17 93 28 62 42 15 24 66 32 68 38 29 44 61 23 4 76 22 38 73 5 63 85 27 40 81 55 85 39 34 59 54 42 36 60 19 55 50 71 10 11 76 76 82 82 23 58 10 32 43 12 28 87 36 77 60 45 0 64 22 46 70 85 31
53 45 60 98 52 25 38 40 60 96 25 90 100 44 78 66 100 17 86 7 21 56 52 68 62 64 29 73 48 34 30 45 98 70 57 36 81 94 80 71 32 50 48 97 48 70 50 54 37 47 80 64 84 85 27 47 64 81 46 49 25 97 86 65 43 41 59 81 23 72 92 56 86 31 54 70 73 62 58 91 45 61 60 55 60 49 66 50 42 41 55 37 27 64 0 60 26 63 84 88
21 27 53 103 74 79 88 85 2 90 38 59 61 29 62 93 60 43 105 53 75 4 19 26 76 6 50 49 53 27 83 22 110 15 64 66 34 110 49 79 30 23 37 87 45 84 52 44 52 72 44 25 94 40 37 82 26 82 91 40 38 100 76 97 50 20 74 74 39 56 81 4 76 56 82 32 32 88 88 100 88 2 72 15 50 56 33 11 91 46 88 68 34 22 60 0 50 84 101 52
54 26 34 74 30 32 39 35 51 70 33 65 76 25 52 48 77 26 66 21 29 47 52 48 39 52 3 48 22 25 35 29 76 55 32 17 61 73 55 46 35 32 25 71 22 47 23 29 11 27 57 45 60 63 14 34 44 56 41 24 15 72 60 50 16 38 36 55 16 46 66 46 60 8 36 49 52 44 42 68 38 52 36 40 35 23 44 44 42 15 40 19 32 46 26 50 0 43 63 65
94 58 36 36 12 50 44 34 86 43 75 64 79 55 45 10 80 69 24 61 50 82 92 70 10 84 40 53 31 65 47 63 34 82 21 28 78 31 60 16 77 61 48 48 39 10 33 42 34 16 67 67 22 77 55 20 66 28 34 44 57 36 42 17 34 78 11 36 58 43 46 80 42 35 11 67 70 7 11 28 32 86 13 70 40 28 61 82 42 38 15 26 74 70 63 84 43 0 21 70
113 75 49 21 33 69 61 51 103 36 96 70 84 73 52 20 86 89 4 81 69 100 111 83 26 100 61 63 49 84 65 80 15 97 37 48 90 10 69 23 97 79 65 44 56 17 50 57 54 37 77 81 13 88 75 38 80 27 49 61 77 23 43 26 53 97 28 39 78 53 45 97 43 55 30 80 83 22 27 13 48 104 29 87 53 46 75 100 58 57 31 47 94 85 84 101 63 21 0 78
72 45 36 70 67 95 99 91 54 51 78 10 12 45 26 80 12 78 82 81 93 53 70 26 60 46 62 18 48 59 97 47 80 38 51 70 20 84 10 56 72 41 40 44 43 64 46 37 57 68 8 28 66 14 62 81 28 51 95 40 64 66 37 87 51 64 60 39 67 27 39 50 37 65 75 21 20 77 79 71 92 53 58 41 33 50 23 59 100 50 82 71 74 31 88 52 65 70 78 0
