0 66 78 68 4 38 40 66 50 72 91 64 73 98 26 53 68 100 49 88 81 27 87 40 81 77 33 42 86 50 48 66 46 90 22 83 91 85 66 16 53 98 44 74 93 59 52 38 14 41
66 0 14 45 67 78 63 47 61 37 28 23 39 47 66 46 15 54 17 29 15 41 23 64 32 23 45 57 43 52 23 39 31 40 53 24 32 33 25 66 26 42 47 45 41 31 24 57 67 67
78 14 0 45 80 87 70 47 74 35 15 24 37 36 79 50 15 44 30 16 4 52 10 77 37 28 54 71 36 57 32 49 39 31 63 13 30 36 25 77 32 41 60 54 31 34 31 64 80 74
68 45 45 0 71 55 38 3 92 11 47 22 10 37 83 16 31 35 42 40 49 43 46 89 78 69 35 85 23 21 32 81 27 30 46 38 75 78 21 58 23 85 78 88 35 15 27 34 78 41
4 67 80 71 0 41 44 69 48 75 93 67 76 101 23 57 70 103 50 90 82 30 89 37 81 77 36 40 89 54 50 66 48 93 26 85 92 85 68 19 56 98 43 74 96 62 54 42 11 45
38 78 87 55 41 0 17 52 86 64 95 64 64 92 64 41 72 90 63 90 90 40 93 77 104 97 33 78 78 34 56 95 48 84 29 86 109 106 65 23 55 118 77 103 89 55 56 23 52 14
40 63 70 38 44 17 0 35 81 47 78 47 46 75 63 23 56 73 49 73 74 30 76 74 91 83 20 73 60 17 40 84 32 67 21 68 94 93 47 25 38 104 70 93 71 38 40 6 53 4
66 47 47 3 69 52 35 0 91 14 49 24 13 40 82 13 33 38 43 43 51 42 49 88 79 70 33 85 26 18 32 81 26 33 44 40 77 80 22 56 23 87 77 89 38 16 27 32 76 38
50 61 74 92 48 86 81 91 0 89 89 75 91 107 26 82 73 112 51 89 74 53 84 11 53 55 64 8 100 83 60 32 65 100 60 85 68 57 78 63 69 70 14 36 101 77 65 77 38 84
72 37 35 11 75 64 47 14 89 0 35 15 2 28 84 23 22 28 38 29 38 45 35 88 69 60 39 83 14 30 29 74 27 20 51 26 65 69 12 64 21 75 75 82 25 13 24 42 80 50
91 28 15 47 93 95 78 49 89 35 0 30 37 25 94 56 23 34 44 7 15 64 5 92 48 40 64 85 31 62 43 63 49 23 74 9 38 47 30 88 41 47 75 67 21 40 41 72 94 82
64 23 24 22 67 64 47 24 75 15 30 0 16 35 73 26 9 38 24 26 28 37 28 75 55 46 34 70 25 33 17 60 19 26 45 21 53 56 2 59 11 63 61 67 29 10 13 42 70 51
73 39 37 10 76 64 46 13 91 2 37 16 0 28 85 23 24 28 40 30 40 46 37 89 71 62 40 85 14 29 31 76 28 21 51 28 67 71 14 64 22 77 77 84 25 14 26 42 81 50
98 47 36 37 101 92 75 40 107 28 25 35 28 0 107 51 34 9 57 20 38 71 29 108 73 64 67 102 15 58 51 85 53 8 78 23 63 71 33 92 45 73 93 90 6 39 47 70 105 78
26 66 79 83 23 64 63 82 26 84 94 73 85 107 0 71 73 111 51 93 81 40 89 15 70 68 50 19 97 70 56 51 57 99 43 88 83 74 75 41 64 88 26 57 102 71 60 60 12 65
53 46 50 16 57 41 23 13 82 23 56 26 23 51 71 0 35 50 37 50 54 30 54 78 77 69 21 75 37 7 26 76 18 44 31 46 78 79 26 43 20 88 69 84 48 16 23 19 64 27
68 15 15 31 70 72 56 33 73 22 23 9 24 34 73 35 0 40 23 20 18 41 20 74 47 38 41 68 28 42 20 54 25 27 51 15 44 47 11 65 18 54 59 60 29 19 17 50 72 60
100 54 44 35 103 90 73 38 112 28 34 38 28 9 111 50 40 0 62 29 46 73 38 113 81 72 67 108 14 56 55 92 55 13 79 31 72 80 36 92 47 81 98 98 13 41 50 69 107 76
49 17 30 42 50 63 49 43 51 38 44 24 40 57 51 37 23 62 0 42 32 24 39 51 42 34 30 46 49 41 11 39 19 49 36 37 46 44 26 49 19 55 37 47 51 27 15 43 50 53
88 29 16 40 90 90 73 43 89 29 7 26 30 20 93 50 20 29 42 0 18 61 9 92 53 44 60 86 24 57 40 66 44 17 70 5 43 51 25 84 36 53 76 70 15 35 37 67 92 77
81 15 4 49 82 90 74 51 74 38 15 28 40 38 81 54 18 46 32 18 0 55 10 78 35 26 57 71 39 60 35 48 42 34 66 15 27 34 29 80 36 37 61 53 33 38 34 67 82 78
27 41 52 43 30 40 30 42 53 45 64 37 46 71 40 30 41 73 24 61 55 0 61 48 64 57 11 46 59 30 21 55 18 63 12 56 70 66 38 25 26 79 41 64 66 32 24 24 35 33
87 23 10 46 89 93 76 49 84 35 5 28 37 29 89 54 20 38 39 9 10 61 0 87 44 36 61 80 33 61 40 58 46 26 71 9 34 42 29 85 38 44 70 62 24 38 38 70 90 80
40 64 77 89 37 77 74 88 11 88 92 75 89 108 15 78 74 113 51 92 78 48 87 0 61 61 59 7 100 78 59 41 62 100 53 87 75 65 77 54 67 78 17 46 102 75 64 70 27 77
81 32 37 78 81 104 91 79 53 69 48 55 71 73 70 77 47 81 42 53 35 64 44 61 0 9 71 54 73 82 51 21 60 68 76 50 15 4 57 87 58 17 45 21 68 63 54 84 77 95
77 23 28 69 77 97 83 70 55 60 40 46 62 64 68 69 38 72 34 44 26 57 36 61 9 0 64 54 64 74 43 24 52 60 69 41 14 10 48 81 49 21 44 27 59 55 46 77 74 87
33 45 54 35 36 33 20 33 64 39 64 34 40 67 50 21 41 67 30 60 57 11 61 59 71 64 0 57 54 19 22 65 16 58 11 55 76 74 35 25 23 85 52 73 62 27 23 14 43 24
42 57 71 85 40 78 73 85 8 83 85 70 85 102 19 75 68 108 46 86 71 46 80 7 54 54 57 0 95 76 54 34 59 95 52 81 68 58 72 55 63 71 10 39 97 71 59 69 30 76
86 43 36 23 89 78 60 26 100 14 31 25 14 15 97 37 28 14 49 24 39 59 33 100 73 64 54 95 0 43 41 82 41 8 65 24 66 72 23 78 34 76 86 88 13 27 37 56 93 64
50 52 57 21 54 34 17 18 83 30 62 33 29 58 70 7 42 56 41 57 60 30 61 78 82 74 19 76 43 0 31 80 22 50 28 53 83 84 32 38 25 93 70 88 54 23 28 14 62 20
48 23 32 32 50 56 40 32 60 29 43 17 31 51 56 26 20 55 11 40 35 21 40 59 51 43 22 54 41 31 0 50 9 43 31 35 54 53 19 45 9 64 46 58 46 17 5 34 53 45
66 39 49 81 66 95 84 81 32 74 63 60 76 85 51 76 54 92 39 66 48 55 58 41 21 24 65 34 82 80 50 0 58 79 66 62 36 25 62 75 58 38 25 9 80 65 54 78 59 88
46 31 39 27 48 48 32 26 65 27 49 19 28 53 57 18 25 55 19 44 42 18 46 62 60 52 16 59 41 22 9 58 0 44 26 40 63 62 20 40 8 72 52 66 48 14 8 25 53 36
90 40 31 30 93 84 67 33 100 20 23 26 21 8 99 44 27 13 49 17 34 63 26 100 68 60 58 95 8 50 43 79 44 0 70 18 60 67 25 83 37 70 86 85 4 31 39 62 96 70
22 53 63 46 26 29 21 44 60 51 74 45 51 78 43 31 51 79 36 70 66 12 71 53 76 69 11 52 65 28 31 66 26 70 0 65 82 78 46 14 34 91 49 75 73 38 33 17 34 24
83 24 13 38 85 86 68 40 85 26 9 21 28 23 88 46 15 31 37 5 15 56 9 87 50 41 55 81 24 53 35 62 40 18 65 0 42 49 21 80 32 52 71 67 18 30 32 63 87 72
91 32 30 75 92 109 94 77 68 65 38 53 67 63 83 78 44 72 46 43 27 70 34 75 15 14 76 68 66 83 54 36 63 60 82 42 0 12 54 95 58 10 58 36 59 62 55 88 88 98
85 33 36 78 85 106 93 80 57 69 47 56 71 71 74 79 47 80 44 51 34 66 42 65 4 10 74 58 72 84 53 25 62 67 78 49 12 0 58 90 59 14 49 25 66 64 56 87 80 97
66 25 25 21 68 65 47 22 78 12 30 2 14 33 75 26 11 36 26 25 29 38 29 77 57 48 35 72 23 32 19 62 20 25 46 21 54 58 0 60 12 65 63 69 28 9 14 42 72 51
16 66 77 58 19 23 25 56 63 64 88 59 64 92 41 43 65 92 49 84 80 25 85 54 87 81 25 55 78 38 45 75 40 83 14 80 95 90 60 0 48 103 55 83 87 52 48 25 30 26
53 26 32 23 56 55 38 23 69 21 41 11 22 45 64 20 18 47 19 36 36 26 38 67 58 49 23 63 34 25 9 58 8 37 34 32 58 59 12 48 0 68 55 66 40 8 4 32 60 42
98 42 41 85 98 118 104 87 70 75 47 63 77 73 88 88 54 81 55 53 37 79 44 78 17 21 85 71 76 93 64 38 72 70 91 52 10 14 65 103 68 0 62 36 68 72 65 97 94 108
44 47 60 78 43 77 70 77 14 75 75 61 77 93 26 69 59 98 37 76 61 41 70 17 45 44 52 10 86 70 46 25 52 86 49 71 58 49 63 55 55 62 0 32 87 63 51 65 35 73
74 45 54 88 74 103 93 89 36 82 67 67 84 90 57 84 60 98 47 70 53 64 62 46 21 27 73 39 88 88 58 9 66 85 75 67 36 25 69 83 66 36 32 0 85 73 62 87 66 97
93 41 31 35 96 89 71 38 101 25 21 29 25 6 102 48 29 13 51 15 33 66 24 102 68 59 62 97 13 54 46 80 48 4 73 18 59 66 28 87 40 68 87 85 0 35 42 66 99 75
59 31 34 15 62 55 38 16 77 13 40 10 14 39 71 16 19 41 27 35 38 32 38 75 63 55 27 71 27 23 17 65 14 31 38 30 62 64 9 52 8 72 63 73 35 0 12 33 67 42
52 24 31 27 54 56 40 27 65 24 41 13 26 47 60 23 17 50 15 37 34 24 38 64 54 46 23 59 37 28 5 54 8 39 33 32 55 56 14 48 4 65 51 62 42 12 0 33 57 44
38 57 64 34 42 23 6 32 77 42 72 42 42 70 60 19 50 69 43 67 67 24 70 70 84 77 14 69 56 14 34 78 25 62 17 63 88 87 42 25 32 97 65 87 66 33 33 0 51 11
14 67 80 78 11 52 53 76 38 80 94 70 81 105 12 64 72 107 50 92 82 35 90 27 77 74 43 30 93 62 53 59 53 96 34 87 88 80 72 30 60 94 35 66 99 67 57 51 0 55
41 67 74 41 45 14 4 38 84 50 82 51 50 78 65 27 60 76 53 77 78 33 80 77 95 87 24 76 64 20 45 88 36 70 24 72 98 97 51 26 42 108 73 97 75 42 44 11 55 0
